label	pred(score)
0	1.0637196452714746e-14
0	0.7086895704269409
0	5.0067164317210674e-27
0	0.999990701675415
0	9.130975245005243e-25
0	3.0825676731104687e-30
0	4.6121174370958307e-14
1	8.958248827184434e-07
0	1.7027902643462767e-08
0	5.219057186423015e-08
0	1.190736131917447e-08
0	1.0303411470044237e-19
0	4.172673652647063e-05
0	3.025796035050529e-22
0	6.153787115298348e-12
0	5.668628662579582e-15
0	0.00030572121613658965
0	5.112719463795656e-06
0	8.181269550711079e-10
0	1.0740273586132016e-14
0	4.362767662419216e-37
0	5.653583677639316e-20
0	1.3634939491369709e-16
0	2.1689714468919874e-09
0	5.69897456751831e-18
0	1.7216647552054098e-10
0	3.6320020613007237e-14
0	6.724391043988476e-10
0	4.418754495377441e-17
0	6.682429102511378e-06
0	3.947475951436989e-17
0	5.563586158614797e-13
1	1.4252706792561298e-09
0	4.875037330147103e-18
0	8.718690782334295e-17
0	2.0758064156467526e-09
0	3.1194283971372354e-22
0	1.5497161930458359e-12
0	6.196817702437646e-22
0	0.3300981819629669
0	3.586480374940429e-24
0	2.810115973091204e-23
0	1.1071954304497922e-06
0	4.9684345526657125e-09
0	1.2006399292743136e-13
0	9.973548376063235e-11
0	4.342585270933341e-06
0	2.5278159754865245e-17
1	4.1038790077986585e-25
0	5.419863132783993e-16
0	4.6121174370958307e-14
0	0.03290775045752525
0	5.345321483218868e-07
0	1.2366516563142555e-20
0	8.714804886339868e-16
0	9.648370020683486e-14
0	1.601706453394818e-37
0	1.48392809159032e-20
0	1.471485155946084e-08
0	2.1594541713338463e-15
1	9.062758080138054e-16
0	0.008286777883768082
0	8.284963541882462e-07
0	7.164403618975523e-13
0	6.45584341540939e-09
0	4.993941371544963e-10
0	5.227681894141856e-13
0	2.965041312900645e-23
1	1.4066473834974414e-23
0	1.909430162336874e-15
0	5.786806127616728e-07
0	1.1679077843718133e-12
0	8.367684299459053e-17
0	2.2298916879659458e-10
0	1.4568797286184515e-15
0	1.8598794379598438e-12
0	2.6240115857945057e-08
0	2.2459333383958308e-13
0	5.227106925076441e-08
0	1.0252546085872359e-14
0	3.0445093303353096e-20
1	4.9233825848205015e-05
0	1.0603335851046027e-20
1	1.37244030159675e-13
0	3.84935356159688e-13
0	1.764518747987249e-24
0	1.262318808509244e-11
0	4.048022788083472e-07
0	9.748881237193639e-16
0	6.8218777293793664e-09
0	1.7823155054758174e-26
0	4.761786017576375e-12
0	8.207512219949886e-21
0	1.874832775697111e-18
0	6.752467470505508e-06
0	1.5784687670979645e-15
0	7.206549962492483e-16
0	9.613367393801475e-12
0	4.700640374721843e-07
0	2.669034064321699e-29
0	1.0389933398894547e-18
1	7.531699566243333e-07
0	1.3093419035624387e-13
0	5.211765596868645e-08
0	1.0445436833192434e-13
0	7.941660765472347e-19
0	3.305421041044365e-12
0	0.0
0	3.5863973865510565e-17
0	1.067571788988187e-17
0	3.180164236400826e-15
0	1.7909083878406732e-20
0	1.2756719585090893e-15
0	4.743465602946584e-12
0	4.281729104604892e-08
0	1.6963359970173508e-12
1	3.145168303148255e-28
0	0.0005238413577899337
0	1.4593572375478951e-27
0	2.9426260012661506e-14
0	1.1049997583612026e-09
0	3.871269624311502e-11
0	3.82547149513357e-09
0	6.730011227773502e-05
0	0.00029035762418061495
0	1.72074727800009e-08
0	0.6431744694709778
0	1.4648687738372246e-06
0	5.8818132586679894e-09
0	7.263189615719368e-14
0	1.8204142999534161e-22
0	1.3616625188506148e-11
0	3.3280989726255927e-13
0	3.7256221758974464e-25
0	7.951316810376509e-15
0	2.0259195066085447e-16
0	1.4197198652254883e-05
0	6.47573658303167e-20
0	2.8709742154855283e-26
0	1.0948341300394404e-15
0	3.8955587345311515e-14
0	1.3381509632374998e-18
0	9.867574044257881e-21
1	0.9920287728309631
0	8.155943476140237e-08
1	1.7671633470786596e-12
0	4.762741936947812e-11
0	0.0003822902508545667
0	2.486142285353858e-15
0	4.5323464092916765e-08
0	1.1919744705157775e-12
0	2.8653393893685042e-11
0	1.6797742814752157e-19
0	2.1441806108413175e-09
0	9.701733265767096e-15
0	5.334064301365515e-09
0	1.2600963394806179e-18
0	1.7863614587554366e-08
0	4.8856381824012845e-15
0	6.540995412374192e-16
0	7.541484392240268e-17
0	7.010890450728228e-21
0	2.2199339466989925e-23
1	0.9922919869422913
0	9.369339071946259e-14
0	5.11612724841265e-13
0	8.948487784099513e-11
0	1.6458293985932506e-24
0	4.746915784981185e-15
0	1.613423727953034e-09
0	4.660286371215017e-13
0	7.221260034384613e-08
1	0.00025068415561690927
1	3.035790369088076e-11
0	1.9203814645152306e-06
0	6.945641834125902e-22
0	1.0651798308108675e-17
0	1.2128878097428242e-06
0	1.1448280474654626e-14
0	6.856219422497062e-14
0	3.703716888736608e-09
0	1.6808002906154584e-11
0	5.074712335597497e-33
0	1.1873322078252603e-19
0	7.165343873793972e-10
0	2.056016805443674e-25
0	1.9055313061541577e-21
0	3.145168303148255e-28
0	1.008743183588171e-15
0	3.655905602122783e-13
0	1.1062037516464812e-13
0	1.754800177877769e-05
0	1.1448280474654626e-14
1	6.304985179783618e-12
0	1.9840692644379487e-08
0	4.425395380008856e-12
1	1.8000965162912053e-09
0	5.449390193105509e-14
0	4.4808434740417624e-11
0	4.464710664977417e-15
0	8.807111360558089e-16
0	7.892774237789685e-24
0	3.623575253186573e-07
0	4.109194264856342e-07
0	1.0914783210276904e-13
0	8.02413560450077e-05
0	0.0
0	2.102313288732116e-11
0	3.761404816088332e-12
0	5.466998409531243e-09
0	8.841009702109659e-08
0	5.0130793116461807e-20
0	4.764745455826391e-13
1	7.75079826709213e-12
0	0.0034450790844857693
0	9.906512423185632e-05
0	1.7759761621969571e-19
0	0.5069174766540527
0	6.191907338422287e-13
0	7.02681451247311e-38
0	1.371098944525467e-23
0	9.87169457289383e-10
0	2.8188830469844106e-07
0	4.106602671107285e-18
0	1.3748583850494899e-17
0	2.29817409547195e-08
0	4.747334727476897e-14
1	4.3577244786960366e-31
0	5.204620657152809e-24
0	4.9528818379940276e-08
0	1.8185172029006738e-17
0	2.3569075293869424e-13
0	1.9819434982082385e-08
0	2.4539542392648065e-16
0	2.7664918889058754e-07
0	1.7395009868515778e-19
0	6.281992148693405e-10
0	2.2217932788698436e-12
0	9.523529297439381e-05
0	1.5525452178681283e-15
0	2.8416208622261685e-11
0	2.181591051501176e-18
0	1.2829472685195698e-24
0	4.459745017726391e-09
0	8.953032542766137e-14
0	0.20744605362415314
1	5.762834978758935e-17
0	2.443821004122302e-14
0	1.7358571448734122e-13
0	1.2107125302307509e-09
1	5.62375389312475e-11
0	6.792843586232416e-17
0	2.6839023625074843e-12
0	0.0008322392241097987
0	1.5272718444372066e-26
0	7.879071201900845e-13
0	2.0260665974797254e-12
0	3.8824077286392367e-10
0	1.914011363624013e-06
0	4.4789971980208065e-06
0	7.04438609766371e-14
0	3.8453424622275634e-07
0	1.5554767543446424e-11
0	3.804831467216302e-18
0	1.0129565242156247e-10
0	4.936560193827613e-14
0	7.091786602408945e-10
0	4.429943874129094e-05
0	1.4985089558106068e-11
0	5.722442359784542e-16
0	0.007504675537347794
0	6.619962356069209e-10
0	9.697934002466174e-20
0	2.1187559306298105e-20
0	2.6905826569134507e-22
0	9.51055767473008e-09
0	8.386751602697854e-27
0	2.166956257444383e-14
0	0.0
0	2.371841438530975e-11
1	1.0
0	2.8837534170234627e-24
0	9.061311136105907e-15
0	1.1468728189356625e-08
0	2.8681703279770376e-12
0	1.687120000743856e-20
0	3.0392428129744076e-07
0	3.524939604117653e-18
0	1.395802513570743e-07
0	9.148193313990305e-11
0	2.5009601358760847e-06
0	6.001451505893707e-12
0	6.469789025180443e-19
