label	pred(score)
0	9.959118626350419e-15
0	0.6818432211875916
0	4.554964911361753e-27
0	0.9999909400939941
0	1.0210770024224027e-24
0	3.102883412837312e-30
0	5.090427455641325e-14
1	9.234684625880618e-07
0	1.7062918189481024e-08
0	5.100385180867306e-08
0	1.2245921610087862e-08
0	9.148256329553348e-20
0	3.394463783479296e-05
0	3.034002207948745e-22
0	5.8321368567870735e-12
0	5.711170468838955e-15
0	0.0003030768421012908
0	5.041558779339539e-06
0	7.094384524286568e-10
0	1.1558686984164488e-14
0	2.8602779607653123e-37
0	5.565253712915724e-20
0	1.3114793763817584e-16
0	2.0374280040869053e-09
0	5.24817891806008e-18
0	1.5501641636994634e-10
0	2.92940415577269e-14
0	6.562284049493883e-10
0	4.105242124435758e-17
0	5.824405889143236e-06
0	3.686968983275459e-17
0	4.3208676653999634e-13
1	1.3033322199262898e-09
0	4.556393296121263e-18
0	7.515350778839513e-17
0	2.090762896145293e-09
0	2.6084290414130517e-22
0	1.5320061842391541e-12
0	6.164046527168593e-22
0	0.35421082377433777
0	2.94354828477831e-24
0	2.3939929499923878e-23
0	1.0680042805688572e-06
0	3.6523377655584e-09
0	1.1676978015160572e-13
0	1.0795172394884034e-10
0	4.533289938990492e-06
0	2.4313849140363176e-17
1	4.182809718265711e-25
0	4.704980560191164e-16
0	5.090427455641325e-14
0	0.046122096478939056
0	5.228303621152008e-07
0	1.1593803047428016e-20
0	8.424057121425685e-16
0	8.350700637710026e-14
0	1.314906844544912e-37
0	1.3985061837077344e-20
0	1.3541897381230683e-08
0	2.041311498158474e-15
1	8.673182746102976e-16
0	0.010495953261852264
0	8.042799777285836e-07
0	7.150015171944468e-13
0	6.5567076212857955e-09
0	4.36223668298652e-10
0	4.910484453952979e-13
0	2.7962575802526436e-23
1	1.3231278395624341e-23
0	1.8866519640775483e-15
0	5.715838256037387e-07
0	1.1314764229719554e-12
0	8.775281185889253e-17
0	2.1807179673150046e-10
0	1.3924041100690462e-15
0	1.831736151647334e-12
0	2.518385677774404e-08
0	1.77913470089143e-13
0	5.361668797831953e-08
0	9.698180809586312e-15
0	2.778536512952273e-20
1	4.6219993237173185e-05
0	1.0048078747966303e-20
1	1.3870695770353686e-13
0	3.835575249338391e-13
0	1.6067044614922304e-24
0	1.2893289734472457e-11
0	3.9659693129578955e-07
0	9.316297275866131e-16
0	6.651873718510615e-09
0	1.6515824564044385e-26
0	4.702011783402904e-12
0	7.60995985349842e-21
0	1.8552182554219472e-18
0	6.574983672180679e-06
0	1.509918920072266e-15
0	6.728424745360256e-16
0	8.921930902405784e-12
0	4.6354580263141543e-07
0	3.05597987168583e-29
0	1.0124579028266364e-18
1	7.324003377107147e-07
0	1.2537178597799709e-13
0	5.200535113658589e-08
0	1.0319530467780766e-13
0	8.185040566140175e-19
0	3.4824482707251914e-12
0	0.0
0	4.5210926190180115e-17
0	1.0532521345320366e-17
0	3.0418818725968253e-15
0	1.7811452332318466e-20
0	1.605847836568539e-15
0	5.129623722316401e-12
0	4.3363506563309784e-08
0	1.5966878427059461e-12
1	2.7819188970786217e-28
0	0.0005355104221962392
0	1.7830218980608197e-27
0	2.6403048652046297e-14
0	1.032163798875274e-09
0	3.399548004212605e-11
0	3.926923231034607e-09
0	6.560106703545898e-05
0	0.00029593793442472816
0	1.614692912710325e-08
0	0.6476201415061951
0	1.3108791563354316e-06
0	6.6802781084618346e-09
0	6.998249907092663e-14
0	1.6553955795249811e-22
0	1.3401837799242866e-11
0	3.1910680152978654e-13
0	3.1330069376253644e-25
0	8.645373913290788e-15
0	1.9457081334815226e-16
0	1.4021778042661026e-05
0	5.768786672513225e-20
0	2.4683815176963138e-26
0	1.0732690947188196e-15
0	3.7985450017635064e-14
0	1.2891079417071137e-18
0	9.113837215018045e-21
1	0.992492139339447
0	7.24644024785448e-08
1	1.9685837161775854e-12
0	4.5196579118167435e-11
0	0.00035385313094593585
0	2.1483292406046083e-15
0	4.5893948197317513e-08
0	1.0794296229424405e-12
0	2.7625533804975788e-11
0	1.5189801931646812e-19
0	2.1518542503429217e-09
0	8.828913247466586e-15
0	4.661264707550572e-09
0	1.2422035956504834e-18
0	1.6584792206231214e-08
0	5.207424728513772e-15
0	6.287055464182945e-16
0	6.774858032737553e-17
0	6.711360596104534e-21
0	2.2694681006596302e-23
1	0.9925436973571777
0	9.22770567639633e-14
0	4.4692136276502925e-13
0	8.330001272094378e-11
0	1.4859700888090598e-24
0	4.5695767319792885e-15
0	1.563855489550292e-09
0	4.3117787985880174e-13
0	7.735129514685468e-08
1	0.00029761495534330606
1	2.9902018361394056e-11
0	1.7394463611708488e-06
0	5.98263174303281e-22
0	1.0928968333401718e-17
0	1.1103560382252908e-06
0	1.1372543023675883e-14
0	5.313234729032064e-14
0	3.6040146422777752e-09
0	1.9269147041867107e-11
0	4.087738258630318e-33
0	1.1167066223966878e-19
0	6.200355229246668e-10
0	1.9333361156920967e-25
0	1.831280739015978e-21
0	2.7819188970786217e-28
0	7.873470353238221e-16
0	3.659819843015999e-13
0	1.0808361990783874e-13
0	1.7360756828566082e-05
0	1.1372543023675883e-14
1	6.443998546573626e-12
0	1.9206725099252253e-08
0	4.747194824739065e-12
1	1.5665572172807174e-09
0	5.257758136745054e-14
0	3.8941974644934874e-11
0	4.0341760998657914e-15
0	9.210042286589e-16
0	7.175742273432667e-24
0	3.386364824109478e-07
0	4.142616205626837e-07
0	1.0888126744613633e-13
0	8.387221896555275e-05
0	0.0
0	1.923477696563758e-11
0	3.997660709409434e-12
0	5.364325428303118e-09
0	8.707080212388973e-08
0	4.771976842602287e-20
0	4.666325377315761e-13
1	7.899991424920039e-12
0	0.003443368710577488
0	0.00010587749420665205
0	1.7716590548812546e-19
0	0.5092374682426453
0	6.043836221422683e-13
0	5.186666363401218e-38
0	1.5920262252363962e-23
0	9.141465362461076e-10
0	2.583818456969311e-07
0	3.954633048969043e-18
0	1.3490481992682428e-17
0	2.2752715267415624e-08
0	4.1948334318945776e-14
1	3.858727596969716e-31
0	4.517232113461734e-24
0	4.771605688347336e-08
0	1.920231466923257e-17
0	2.3116954856426675e-13
0	2.034105328618807e-08
0	2.3900141043567435e-16
0	2.958714730993961e-07
0	1.515178005780293e-19
0	6.118168194291229e-10
0	2.179060968124369e-12
0	9.516521822661161e-05
0	1.2634579551679191e-15
0	2.5990078145188278e-11
0	2.1422209766564085e-18
0	1.2366443874343304e-24
0	3.457970354503459e-09
0	8.6573584130549e-14
0	0.21066193282604218
1	5.769741606001508e-17
0	2.4485615087149054e-14
0	1.6500127273614412e-13
0	1.179528252848172e-09
1	5.451540260881238e-11
0	6.538322758727809e-17
0	2.7153633074677996e-12
0	0.0008378903148695827
0	1.632478001728095e-26
0	8.713621729543319e-13
0	2.037207208482883e-12
0	3.800886549942817e-10
0	2.161396196243004e-06
0	4.438830728759058e-06
0	7.006050064097338e-14
0	3.3920986197699676e-07
0	1.487999307103749e-11
0	3.285604820042785e-18
0	6.707721877940998e-11
0	4.814925923788717e-14
0	7.135176893768858e-10
0	4.586237628245726e-05
0	1.5551860146900687e-11
0	7.033704948671362e-16
0	0.0072607602924108505
0	6.502863247881407e-10
0	8.939507608452788e-20
0	2.1546185722692457e-20
0	2.535603422126965e-22
0	9.292708824659712e-09
0	6.981405914882333e-27
0	1.8155290638921517e-14
0	0.0
0	2.3119140282745754e-11
1	1.0
0	2.8285806825275314e-24
0	8.876258154053365e-15
0	1.181880016076775e-08
0	2.7389264901228616e-12
0	1.7351724088672246e-20
0	2.9422037073345564e-07
0	2.6650506157830534e-18
0	1.4722128582889127e-07
0	8.28354745907589e-11
0	2.8518277304101503e-06
0	6.433289664875552e-12
0	5.999804646667361e-19
