label	pred(score)
0	1.1243479766469798e-14
0	0.7131514549255371
0	7.969397191145296e-27
0	0.9999914169311523
0	8.670600556668465e-24
0	6.300118961198178e-30
0	9.594563777368462e-14
1	1.9213853192923125e-06
0	2.1626439306032808e-08
0	5.8982070783031304e-08
0	2.0656333532542703e-08
0	1.10732342157001e-19
0	3.0106137273833156e-05
0	4.465767585311584e-22
0	9.839990801341347e-12
0	1.2422203192572357e-14
0	0.0003701800887938589
0	1.0341336746932939e-05
0	5.308545270032994e-10
0	9.034910813205885e-14
0	2.969683721796148e-37
0	1.327240373409743e-19
0	1.8580813839479831e-16
0	2.836068269118641e-09
0	7.302040254888421e-18
0	1.8224821651813272e-10
0	3.623933564258358e-14
0	1.1538011657208358e-09
0	5.092866989938756e-17
0	5.219871582085034e-06
0	4.504703854977621e-17
0	6.463986789405352e-13
1	1.1369145624939847e-09
0	1.3938003247685867e-17
0	9.631329078331401e-17
0	3.628050748716305e-09
0	3.7442494005410104e-22
0	6.8981222643704765e-12
0	2.260692692043094e-20
0	0.44481319189071655
0	6.5999195665538314e-24
0	2.9780998007813116e-23
0	1.1421617500673165e-06
0	2.353686801015442e-09
0	2.2835046028547856e-13
0	1.254059966981913e-09
0	7.2874227043939754e-06
0	1.4219094439954657e-16
1	3.218202554604172e-23
0	8.194206260858758e-16
0	9.594563777368462e-14
0	0.10701698064804077
0	6.99095892287005e-07
0	4.199431826278918e-20
0	2.287879189214175e-15
0	9.346706351595624e-14
0	1.966303350387109e-37
0	3.2723177790892545e-20
0	1.4795848102266973e-08
0	2.6428831911444245e-15
1	9.487405342749789e-16
0	0.03131990134716034
0	7.701945037297264e-07
0	9.865191129276862e-12
0	1.22305854333149e-08
0	4.5963544081928376e-10
0	7.287853046739068e-13
0	5.1998208329749917e-23
1	3.168949550670155e-23
0	3.1666906950670887e-15
0	7.427515242852678e-07
0	2.815153058582931e-12
0	1.8486720655138495e-15
0	7.084972608595308e-10
0	2.0288207268017886e-15
0	2.9935728375340975e-12
0	3.6510300560621545e-08
0	1.979124194173218e-13
0	7.280006997234523e-08
0	1.424261506259225e-14
0	5.2641741871132003e-20
1	7.028509571682662e-05
0	1.7508707459298326e-20
1	2.2552398587939032e-13
0	6.06242432556886e-13
0	2.667229242341115e-24
0	2.057914602615618e-11
0	6.133404326646996e-07
0	1.89722505284165e-15
0	5.0149651542596985e-08
0	3.994217850990172e-26
0	7.635758345059251e-12
0	1.2194592242702236e-20
0	2.8098121860635085e-18
0	7.253697276610183e-06
0	2.144129015977411e-15
0	2.0253951138048554e-15
0	1.0149789862745617e-11
0	5.370357598621922e-07
0	7.095753768284447e-28
0	2.3376769311626353e-18
1	1.5734267435618676e-06
0	1.8004430682883737e-13
0	4.986965222997242e-07
0	1.400756409735554e-13
0	4.429570378194939e-18
0	5.067841112038618e-12
0	0.0
0	1.4594836773049007e-14
0	2.32004375660872e-17
0	4.053427464690987e-15
0	3.425672541012611e-20
0	2.0529374912276604e-13
0	1.2358273258905594e-11
0	1.1113311160215744e-07
0	1.9231760281512855e-12
1	6.829388508808457e-28
0	0.0006999372271820903
0	5.176459037741614e-26
0	2.8428851612215256e-14
0	1.2893106582367864e-09
0	3.438768020336269e-11
0	1.4635246792238377e-08
0	7.084981916705146e-05
0	0.0003737081424333155
0	1.4393625846764735e-08
0	0.6984204053878784
0	1.315304643867421e-06
0	1.6106449507446996e-08
0	9.263998666493925e-14
0	2.4679252149107545e-22
0	2.2519023104572433e-11
0	3.3001279118281823e-13
0	3.357765488955442e-25
0	6.853918203385961e-14
0	2.843001501196831e-16
0	1.654628067626618e-05
0	1.0572241937949703e-19
0	9.529286893269436e-26
0	3.225676163689747e-15
0	5.755483844507511e-14
0	2.564988645034045e-18
0	1.1716200736485289e-20
1	0.9968804121017456
0	9.684369217666244e-08
1	4.827365590598376e-11
0	5.1174887244487266e-11
0	0.0003581595956347883
0	2.4623199072288044e-15
0	6.39538768609782e-08
0	1.7995513933166674e-12
0	3.9404920298968804e-11
0	2.328268889068187e-19
0	2.713845370649892e-09
0	1.531078628951802e-14
0	3.941473369906134e-09
0	3.2777182732875513e-18
0	1.8420967862198268e-08
0	1.2729600766493362e-14
0	9.509435610916689e-16
0	1.1245699098670723e-16
0	2.0322003652553725e-20
0	6.846334469795908e-23
1	0.9913355708122253
0	1.1935163144252692e-13
0	3.518620941486694e-13
0	1.198399712798448e-10
0	2.862971468121094e-24
0	1.6121215554989674e-14
0	1.9076957791241966e-09
0	4.605535245706671e-13
0	1.2221029521697346e-07
1	0.0007013133727014065
1	9.68095742459596e-11
0	1.6648074279146385e-06
0	6.530678783656559e-22
0	2.760116911940609e-17
0	1.024620360112749e-06
0	1.435081674534041e-14
0	4.743207644144695e-14
0	5.538725922349386e-09
0	1.1432941399158736e-10
0	5.063187715513638e-33
0	1.5071307016428884e-19
0	4.5330764142370583e-10
0	7.233204676706002e-25
0	3.0632519586239898e-21
0	6.829388508808457e-28
0	1.023187212921225e-15
0	6.655832569119058e-13
0	1.6050717341602877e-13
0	7.26634607417509e-05
0	1.435081674534041e-14
1	7.643423220737855e-12
0	2.989242631201705e-08
0	8.076636581755281e-12
1	5.052839924246655e-09
0	8.229424493201229e-14
0	3.453754990334623e-11
0	3.941431074339129e-15
0	4.628947812351184e-15
0	1.2312694047705165e-23
0	4.1850046272884356e-07
0	6.745837026755908e-07
0	1.9000805703134338e-13
0	0.00010930660937447101
0	0.0
0	2.3127961351621096e-11
0	1.9084000005276103e-11
0	7.0527255147112555e-09
0	1.082834728549642e-07
0	8.446597143780974e-20
0	6.816778044815841e-13
1	1.1572602251486153e-11
0	0.004647873342037201
0	0.0005321719800122082
0	2.970368098056416e-19
0	0.5930591225624084
0	8.786118534109821e-13
0	9.935968418427546e-38
0	1.7404872916896577e-22
0	1.699836493784801e-09
0	2.9492520070562023e-07
0	8.489989901342164e-18
0	4.0992331535939276e-17
0	5.688881543619573e-08
0	5.6275866128566165e-14
1	1.2750346482126304e-30
0	5.209685933025233e-24
0	8.380787619444163e-08
0	1.0783285945663369e-16
0	2.6326523968646376e-13
0	6.663000107209882e-08
0	3.029616623762346e-16
0	7.34551974801434e-07
0	2.1094422646733755e-19
0	8.211065716245969e-10
0	4.736630792451235e-12
0	0.00011046275903936476
0	8.267867951721136e-16
0	3.0735681361138134e-11
0	3.3796749012296123e-18
0	1.98191224738715e-24
0	2.3737853904748363e-09
0	1.2545262680248304e-13
0	0.32497522234916687
1	2.415420857609636e-16
0	2.9677933830081493e-14
0	2.620708554681994e-13
0	1.3191507886034515e-09
1	9.920576860000807e-11
0	9.016305072774954e-17
0	4.792939916481442e-12
0	0.00505650881677866
0	9.099848889097001e-26
0	1.3094281735293034e-11
0	2.4601173962551792e-12
0	5.008689574204084e-10
0	4.72460851597134e-06
0	6.063334240025142e-06
0	5.413878980536913e-13
0	2.4860003122739727e-07
0	1.668716206881804e-11
0	5.976439482699729e-18
0	3.724512018243864e-11
0	1.9088712815279463e-13
0	1.101655877633334e-09
0	8.231861284002662e-05
0	2.1900037339150913e-11
0	3.1230828978435956e-15
0	0.009755178354680538
0	9.444031112693096e-10
0	1.5134970196792203e-19
0	4.039247331305744e-20
0	1.0170784408320974e-21
0	1.6102148947538808e-08
0	1.1691921639690432e-26
0	6.210308011117896e-14
0	0.0
0	3.258245062642828e-11
1	1.0
0	4.983097076483623e-24
0	1.2549995053324613e-14
0	2.2014864597963424e-08
0	4.117815897292099e-12
0	5.3650323838252764e-20
0	4.2062714555868297e-07
0	2.7531856760748128e-18
0	6.979061595302483e-07
0	9.123379829389933e-11
0	4.524522410065401e-06
0	1.0194996756529573e-11
0	9.352175349852364e-19
