label	pred(score)
0	1.2381706547364129e-14
0	0.7300002574920654
0	9.805181288183565e-27
0	0.9999921321868896
0	9.593636446675803e-24
0	7.617854147001038e-30
0	9.874123274664776e-14
1	2.0121640318393474e-06
0	2.249042729829398e-08
0	6.132111707302101e-08
0	2.1529393379182693e-08
0	1.316660604128219e-19
0	3.3914056984940544e-05
0	5.168064827027649e-22
0	1.1253730586302524e-11
0	1.3498584709855863e-14
0	0.00037787057226523757
0	1.0824401215359103e-05
0	6.454657919263695e-10
0	9.182793279027476e-14
0	4.4684089752554895e-37
0	1.4912947165564728e-19
0	2.028935737994158e-16
0	3.2315361497836648e-09
0	8.205490228641288e-18
0	2.0516371934675703e-10
0	4.310090899093365e-14
0	1.237224767081102e-09
0	5.935750137496e-17
0	5.948498255747836e-06
0	5.1437286714434166e-17
0	7.001310880876133e-13
1	1.3116766561793725e-09
0	1.5114618038205796e-17
0	1.0887071966248152e-16
0	3.734730746884907e-09
0	4.679405759703835e-22
0	7.1418413717661e-12
0	2.3316363542665874e-20
0	0.43700462579727173
0	7.7283716808371e-24
0	3.7466623682779005e-23
0	1.252953325092676e-06
0	2.8128173124031264e-09
0	2.5136809951240013e-13
0	1.2811670613288584e-09
0	7.311871286219684e-06
0	1.6893645969535433e-16
1	3.273523792165511e-23
0	9.565135438736948e-16
0	9.874123274664776e-14
0	0.09974656999111176
0	7.376456778729334e-07
0	4.5679792401450785e-20
0	2.4959680793002446e-15
0	1.0727708191172677e-13
0	2.6819852640592857e-37
0	3.5903890810137806e-20
0	1.6887014453459415e-08
0	2.93320479260702e-15
1	1.1154870167549868e-15
0	0.029211390763521194
0	8.158788773471315e-07
0	7.134638799893844e-12
0	1.2219905975996426e-08
0	5.076185027874658e-10
0	8.266902787323893e-13
0	5.880829306322911e-23
1	3.688167701067038e-23
0	3.539942751296511e-15
0	7.739585043964325e-07
0	3.2006029770936806e-12
0	1.572998840082833e-15
0	8.380955374143184e-10
0	2.1752123722845653e-15
0	3.2457200989377544e-12
0	3.9772405813209843e-08
0	2.2211227269312156e-13
0	7.670748658483717e-08
0	1.5672078028773975e-14
0	6.554620532900819e-20
1	7.892860594438389e-05
0	2.145170780268955e-20
1	2.5793600653793713e-13
0	6.830508923229284e-13
0	3.2004368942590065e-24
0	2.176088302607848e-11
0	6.426066647691187e-07
0	2.15063317022114e-15
0	3.763586775562544e-08
0	4.852197454501726e-26
0	8.079210044031893e-12
0	1.414921195222937e-20
0	3.1117333164405168e-18
0	7.682698196731508e-06
0	2.308798150154278e-15
0	2.2788987341491483e-15
0	1.137208296281278e-11
0	5.705142598344537e-07
0	7.7949746716563855e-28
0	2.538705601455632e-18
1	1.651543016123469e-06
0	2.0046776196512572e-13
0	3.590907908801455e-07
0	1.5423639199586142e-13
0	4.980775000669144e-18
0	5.468971629729591e-12
0	0.0
0	1.3889618316988758e-14
0	2.6738401542539806e-17
0	4.472654139956768e-15
0	4.0313813606682474e-20
0	1.949671300056563e-13
0	1.2914160192611934e-11
0	1.1224319251823545e-07
0	2.1206161826547998e-12
1	9.287994564626745e-28
0	0.0007332153618335724
0	5.447237392351473e-26
0	3.343468758148019e-14
0	1.4411666304781079e-09
0	3.855831279264699e-11
0	1.4867419295683248e-08
0	7.677717803744599e-05
0	0.00037968577817082405
0	1.6303147276630625e-08
0	0.7160630822181702
0	1.3956629345557303e-06
0	1.634602320166323e-08
0	1.0381837533754434e-13
0	2.84591151485313e-22
0	2.4660568725964893e-11
0	3.831385621093364e-13
0	4.400636400910192e-25
0	7.202407209050757e-14
0	3.116856782164803e-16
0	1.6918284018174745e-05
0	1.3279341711485218e-19
0	1.2627962111261516e-25
0	3.4882265194271893e-15
0	6.233235498934175e-14
0	2.837635233147342e-18
0	1.3229431539716587e-20
1	0.9968889355659485
0	1.1667372490364869e-07
1	4.7630326766023856e-11
0	5.5512320434880635e-11
0	0.0003709084412548691
0	2.8955946239247977e-15
0	6.618655135071094e-08
0	2.018768182135422e-12
0	4.189994184944368e-11
0	2.661747270006823e-19
0	2.811213484221753e-09
0	1.7876989493771644e-14
0	4.619383542348032e-09
0	3.603386518280038e-18
0	2.0468394978934157e-08
0	1.3603417742572791e-14
0	1.0373671797329724e-15
0	1.296764031807787e-16
0	2.312750302230096e-20
0	7.456871158581176e-23
1	0.9927026033401489
0	1.276754038864042e-13
0	4.3305704616920793e-13
0	1.3009796018259578e-10
0	3.465808322268771e-24
0	1.5877212467940022e-14
0	2.001300680731788e-09
0	5.583805987030566e-13
0	1.2840941110425774e-07
1	0.0006933152908459306
1	1.0786260079553855e-10
0	1.7755952512743534e-06
0	8.061635909895122e-22
0	2.902824592760095e-17
0	1.1214544883841882e-06
0	1.5658750812381876e-14
0	5.709246009982794e-14
0	5.823075799327171e-09
0	1.146541334096085e-10
0	6.907791817923203e-33
0	1.7254373654745278e-19
0	5.445370265810823e-10
0	9.324823021321334e-25
0	3.553244794101028e-21
0	9.287994564626745e-28
0	1.1917088647004411e-15
0	7.226381494064571e-13
0	1.72616681690628e-13
0	7.791321695549414e-05
0	1.5658750812381876e-14
1	8.734159229195626e-12
0	3.272674931054098e-08
0	8.108526003414163e-12
1	5.81694825640966e-09
0	9.104765281552768e-14
0	4.034722903001331e-11
0	4.638740360254391e-15
0	4.8158786664477884e-15
0	1.4320401849477816e-23
0	4.779493565365556e-07
0	6.845869506832969e-07
0	2.0534387992071634e-13
0	0.00011167181946802884
0	0.0
0	2.5092334460241617e-11
0	1.9243768037413567e-11
0	7.297256576777045e-09
0	1.1201200322830118e-07
0	9.410071918123452e-20
0	7.509834767938095e-13
1	1.2707229365971351e-11
0	0.004698419012129307
0	0.0005291427369229496
0	3.504464402415128e-19
0	0.6086487770080566
0	9.50876096611486e-13
0	1.5625987916446867e-37
0	1.8816858206595287e-22
0	1.8771206811152297e-09
0	3.3367393825756153e-07
0	9.365246251096773e-18
0	4.453479206620172e-17
0	5.894405674666814e-08
0	6.417143292442029e-14
1	1.5231203799649726e-30
0	6.450722697979834e-24
0	9.153441737907997e-08
0	1.2111447503592403e-16
0	2.9046914613167774e-13
0	7.027001203141481e-08
0	3.5181187885918264e-16
0	7.494520559703233e-07
0	2.548553031551711e-19
0	9.107041787359549e-10
0	4.971270790854465e-12
0	0.00011217396968277171
0	1.0770629552895716e-15
0	3.5270435877476913e-11
0	3.954889474958934e-18
0	2.4558454825324138e-24
0	2.9873543638814226e-09
0	1.4062440990315894e-13
0	0.3251047730445862
1	2.670243308252804e-16
0	3.4107462134561756e-14
0	2.8670094727109574e-13
0	1.4357862676561695e-09
1	1.1378511327597707e-10
0	1.0280968938161967e-16
0	5.032288388079342e-12
0	0.005580396391451359
0	1.0991387579504512e-25
0	1.3072994943519323e-11
0	2.716021201346064e-12
0	5.277712711304616e-10
0	4.855421593674691e-06
0	6.470055268437136e-06
0	5.704122070515627e-13
0	2.9119553346390603e-07
0	1.8568001303176374e-11
0	7.301678776960735e-18
0	4.630493558033244e-11
0	2.1995880323307654e-13
0	1.1409159172970362e-09
0	8.496249211020768e-05
0	2.361058397404303e-11
0	3.100883858361955e-15
0	0.010766519233584404
0	1.0085595691933236e-09
0	1.7025664677722902e-19
0	4.438361330627726e-20
0	1.126245581978944e-21
0	1.704184171558154e-08
0	1.4473107768573463e-26
0	6.943869036626221e-14
0	0.0
0	3.555723770976016e-11
1	1.0
0	5.456580858128137e-24
0	1.3301226880178558e-14
0	2.2184313053230653e-08
0	4.4829782247512995e-12
0	5.685852768816834e-20
0	4.46811725396401e-07
0	3.3124987365035684e-18
0	7.308729550459248e-07
0	1.0201849087732029e-10
0	4.535062998911599e-06
0	1.0621075199890306e-11
0	1.0853721160643841e-18
