label	pred(score)
0	1.2988867387252537e-14
0	0.7463296055793762
0	1.1199491397417748e-26
0	0.9999933242797852
0	1.0375172778391838e-23
0	8.597194037620255e-30
0	1.0125454890774072e-13
1	2.076763621516875e-06
0	2.2979198988082317e-08
0	6.25343830051861e-08
0	2.2077939476616848e-08
0	1.489714155351643e-19
0	3.6931967770215124e-05
0	5.631407643963366e-22
0	1.2437727930914022e-11
0	1.419764608342252e-14
0	0.00038258740096352994
0	1.1186441042809747e-05
0	7.739844876120117e-10
0	9.555554183202433e-14
0	5.703378020227791e-37
0	1.6058936110892764e-19
0	2.1337493154230793e-16
0	3.634270218100255e-09
0	8.797566258772044e-18
0	2.1839480224272734e-10
0	4.894072004753801e-14
0	1.3061268733238762e-09
0	6.611257589442325e-17
0	6.664996817562496e-06
0	5.60270935578092e-17
0	7.840797238908848e-13
1	1.3848967528318212e-09
0	1.6070105944294374e-17
0	1.1656042886479088e-16
0	3.8109422284549055e-09
0	5.476480410887753e-22
0	7.455931705369068e-12
0	2.4255727294622138e-20
0	0.43437784910202026
0	8.491971682151125e-24
0	4.407865384194979e-23
0	1.3228650459495839e-06
0	3.2410916173120086e-09
0	2.664437409854309e-13
0	1.3371416196505947e-09
0	7.389373422483914e-06
0	1.9470149465004584e-16
1	3.403874221511145e-23
0	1.0434514173931e-15
0	1.0125454890774072e-13
0	0.09904713183641434
0	7.6961151762589e-07
0	4.990183857019508e-20
0	2.6219659242702163e-15
0	1.1659618583126363e-13
0	3.1888021842734454e-37
0	3.8303124945673595e-20
0	1.879604383248079e-08
0	3.1293676705539857e-15
1	1.2401553376351244e-15
0	0.02879597246646881
0	8.457398621430912e-07
0	6.9772521094080275e-12
0	1.2247066472070856e-08
0	5.515172762926568e-10
0	8.977079062749693e-13
0	6.347447473737105e-23
1	4.0451932094512226e-23
0	3.765432874492736e-15
0	7.935010444271029e-07
0	3.5772246709947497e-12
0	1.595352039560874e-15
0	9.76305258859611e-10
0	2.253379960788981e-15
0	3.45622445593885e-12
0	4.239811346451461e-08
0	2.439928684441761e-13
0	8.000924367479456e-08
0	1.6805157390447842e-14
0	7.64549146133412e-20
1	8.630000957055017e-05
0	2.4453615715891245e-20
1	2.8670094727109574e-13
0	7.563886040944101e-13
0	3.606896095167549e-24
0	2.2672062144346583e-11
0	6.617443091272435e-07
0	2.3486838728492988e-15
0	3.7167680488892074e-08
0	5.644903132189317e-26
0	8.374571001945608e-12
0	1.5251630451260883e-20
0	3.396606254392807e-18
0	7.924053534225095e-06
0	2.39564719109334e-15
0	2.4982923377075104e-15
0	1.2251112450900603e-11
0	5.921477850279189e-07
0	8.453880083502466e-28
0	2.663536254876622e-18
1	1.719679858069867e-06
0	2.18233742708962e-13
0	3.4847084862121847e-07
0	1.6407673288608426e-13
0	5.4157657101633234e-18
0	5.761662414532909e-12
0	0.0
0	1.4201654243328928e-14
0	2.904497151958677e-17
0	4.775594626509321e-15
0	4.495941502314513e-20
0	1.968346275901811e-13
0	1.338497715441811e-11
0	1.1421906265240978e-07
0	2.230965629249071e-12
1	1.1712941624289463e-27
0	0.0007657941896468401
0	5.784988188921849e-26
0	3.6444093999121047e-14
0	1.588058462509423e-09
0	4.1516502041760717e-11
0	1.5149090870636428e-08
0	7.919307972770184e-05
0	0.00038237645640037954
0	1.7919239425623346e-08
0	0.7352461814880371
0	1.4674569683847949e-06
0	1.704450802719748e-08
0	1.1371594854994727e-13
0	3.1206067660030183e-22
0	2.691655058562059e-11
0	4.281799795367164e-13
0	5.055951536524404e-25
0	7.918055859416906e-14
0	3.36517984312457e-16
0	1.7110429325839505e-05
0	1.57002214834409e-19
0	1.5851766692558786e-25
0	3.66375503950433e-15
0	6.587062845045746e-14
0	3.023494444981882e-18
0	1.4224924827672116e-20
1	0.9969967603683472
0	1.284861070871557e-07
1	4.865412586707585e-11
0	5.790088200563481e-11
0	0.00038120432873256505
0	3.3961838959720375e-15
0	6.823155729307473e-08
0	2.2087540130222294e-12
0	4.35455352332248e-11
0	2.9338589307577397e-19
0	2.855794267730971e-09
0	2.0059579946543268e-14
0	5.502000188783995e-09
0	3.7768065880630054e-18
0	2.2018099343767972e-08
0	1.4238215573464212e-14
0	1.09104016358957e-15
0	1.417203646577876e-16
0	2.509021036102036e-20
0	7.836257087096031e-23
1	0.9937314391136169
0	1.3238767178867794e-13
0	5.115522263600403e-13
0	1.377256919621317e-10
0	3.951740723428125e-24
0	1.7082828343084958e-14
0	2.053204051222224e-09
0	6.363553347460416e-13
0	1.3332552839528944e-07
1	0.0006967493682168424
1	1.2200447596644182e-10
0	1.8190374930782127e-06
0	9.283806876974745e-22
0	2.979154172708528e-17
0	1.2071042192474124e-06
0	1.6615676120147055e-14
0	6.226093994749285e-14
0	5.995591134677625e-09
0	1.184718018132358e-10
0	8.170476258165826e-33
0	1.865571454763814e-19
0	6.175499001059848e-10
0	1.1400458057920755e-24
0	3.8510120431616455e-21
0	1.1712941624289463e-27
0	1.3090758674543651e-15
0	7.772230667217606e-13
0	1.7887334137749872e-13
0	8.297860040329397e-05
0	1.6615676120147055e-14
1	9.317239688111378e-12
0	3.4593377051805874e-08
0	8.175052648717873e-12
1	6.645191064080791e-09
0	9.727493739978763e-14
0	4.7265073799263035e-11
0	5.216212271825062e-15
0	4.955330359235474e-15
0	1.562371523859509e-23
0	5.188883278606227e-07
0	6.952980129426578e-07
0	2.154679700720058e-13
0	0.00011250626994296908
0	0.0
0	2.6313951018153148e-11
0	1.954006574600431e-11
0	7.421026904097516e-09
0	1.140290351031581e-07
0	9.96863402780298e-20
0	7.914859089311332e-13
1	1.4039541230970176e-11
0	0.0047370861284434795
0	0.0005336982430890203
0	3.961622053060868e-19
0	0.6251001954078674
0	9.8873958066098e-13
0	2.0921451092618264e-37
0	1.9944054612089625e-22
0	2.0379020693184202e-09
0	3.660590550680354e-07
0	9.873763804469873e-18
0	4.680399664061844e-17
0	6.035936195303293e-08
0	7.008187975256208e-14
1	1.692861952302807e-30
0	7.469194585870357e-24
0	9.892663399568846e-08
0	1.302331155853616e-16
0	3.0967554367176964e-13
0	7.41395638215181e-08
0	3.935900055072677e-16
0	7.593174586872919e-07
0	2.7212748058013187e-19
0	9.794686173236755e-10
0	5.14913068780376e-12
0	0.00011312343121971935
0	1.2728234925865915e-15
0	3.939409909392566e-11
0	4.286037584714432e-18
0	2.8117550682800725e-24
0	3.4601805865008828e-09
0	1.5211245349248947e-13
0	0.3274720311164856
1	2.8648949206031905e-16
0	3.743215115582961e-14
0	3.00891852666324e-13
0	1.5144836496006064e-09
1	1.2509440705521513e-10
0	1.0942281309052392e-16
0	5.131845035727389e-12
0	0.006178058683872223
0	1.295190907458569e-25
0	1.3433879876567634e-11
0	2.927820963102845e-12
0	5.416448956019337e-10
0	5.110686288389843e-06
0	6.755146841896931e-06
0	6.002868016032059e-13
0	3.2762477530923206e-07
0	1.9971727396872474e-11
0	8.555793773431982e-18
0	5.497777580409924e-11
0	2.537492243236128e-13
0	1.1679719413848488e-09
0	8.759666525293142e-05
0	2.439493745898247e-11
0	3.1731599092017435e-15
0	0.011529834009706974
0	1.0457658072837717e-09
0	1.8075119060626585e-19
0	4.722683017325235e-20
0	1.2157381030092463e-21
0	1.7772331162291266e-08
0	1.6014893266997176e-26
0	7.408336503934507e-14
0	0.0
0	3.7925784041048516e-11
1	1.0
0	5.768466877768579e-24
0	1.3689336529577531e-14
0	2.2337378169368094e-08
0	4.759470595416815e-12
0	5.890874653516931e-20
0	4.741589521017886e-07
0	3.705395672190996e-18
0	7.697165074205259e-07
0	1.0681296125358841e-10
0	4.601149157679174e-06
0	1.0834937981540893e-11
0	1.2085036371096136e-18
