label	pred(score)
0	1.760213847883847e-19
0	0.8650854229927063
0	1.2084950322904786e-32
0	0.9999996423721313
0	1.2318830325515943e-26
0	1.2503225677784613e-40
0	4.35747083446298e-18
1	2.0744923556748063e-09
0	2.074460825340907e-09
0	1.0304244263403817e-10
0	1.096704844993912e-11
0	7.583160414890191e-27
0	1.533347386839523e-07
0	9.463991459622819e-29
0	1.8760173564954236e-21
0	1.2722826744574788e-18
0	0.00010631606710376218
0	5.1342332881176844e-05
0	4.486835694955291e-16
0	3.8401565093122374e-21
0	0.0
0	2.2313276225252806e-23
0	1.445202920355311e-19
0	8.208092704284502e-17
0	1.0064098102192416e-23
0	2.3340208346774027e-13
0	7.912804085127294e-21
0	1.0211310963459397e-10
0	1.2883931768785112e-21
0	2.4969292411469723e-08
0	2.335052008390224e-22
0	1.103870616830903e-24
1	1.3864388803686012e-11
0	6.244375135052869e-21
0	3.8638013540309664e-20
0	2.65154790485278e-11
0	1.0140442454374131e-30
0	8.285300207412985e-15
0	5.736827096811288e-15
0	0.0349738746881485
0	9.007041830269479e-28
0	1.6604539492088288e-31
0	3.170968909671501e-08
0	1.2666971543348794e-21
0	3.4534810426423607e-17
0	3.3951735974242e-15
0	6.818681868026033e-05
0	0.0
1	4.314376208180114e-14
0	2.4257497978120884e-19
0	4.35747083446298e-18
0	0.0008509621256962419
0	1.2051462050521877e-09
0	5.514398694763919e-31
0	9.891591201031616e-19
0	9.840988870427492e-15
0	0.0
0	1.7957637219515803e-22
0	3.8667846702367115e-10
0	7.154686300568225e-19
1	1.1232299270348201e-20
0	0.005144049879163504
0	7.357092018933642e-11
0	4.269789482232335e-23
0	1.8884316332901108e-10
0	1.0978071750267215e-12
0	3.271896782931556e-18
0	3.6457601068945174e-28
1	2.2342143875372785e-31
0	1.0365151067742458e-18
0	1.162109963814828e-09
0	3.156234496849708e-15
0	4.948859685965639e-34
0	3.208973483303831e-43
0	5.2088419433645116e-20
0	4.686359771793927e-20
0	2.3346428617925484e-14
0	2.20784712899162e-17
0	1.9372841109088768e-08
0	9.66077434728081e-23
0	4.5133542704668935e-25
1	3.4866274312150836e-09
0	1.2350289079117734e-29
1	1.916052426391547e-18
0	7.21848343249199e-18
0	1.7362843449871539e-28
0	1.5054903141866654e-15
0	1.4877749377321969e-15
0	6.00211364379912e-20
0	2.2353654758250135e-16
0	4.376158838245021e-34
0	2.065703850047691e-16
0	2.0875340172785493e-25
0	1.666552597079703e-23
0	4.450205182138234e-08
0	1.642013777317854e-20
0	6.967725193684885e-21
0	8.655784399853158e-19
0	4.707831346983937e-10
0	3.1183329821099434e-30
0	3.058172956571815e-21
1	1.1326926376009627e-11
0	6.454695903214063e-21
0	8.330492803280791e-15
0	1.3867989026278154e-18
0	5.416847196509603e-23
0	1.0860281637615479e-15
0	0.0
0	3.021718138902277e-26
0	5.591087873236876e-27
0	5.1013003857969485e-19
0	3.6293619786056764e-26
0	7.306256577521708e-08
0	1.9383443731452285e-16
0	3.6053140473057965e-09
0	4.6026521311073725e-18
1	8.241792969864985e-40
0	1.0320308518885213e-07
0	2.1893255120110042e-35
0	1.676210704678276e-17
0	1.744288807291913e-15
0	1.1434749970355186e-14
0	4.265523698143703e-12
0	4.762068215313775e-07
0	1.5831349173822673e-06
0	2.79199216914397e-13
0	0.0002326493413420394
0	3.772649748157164e-08
0	7.192835910219131e-11
0	4.064550010761917e-20
0	1.087207560315214e-26
0	3.973448496228868e-16
0	1.0048137448062991e-16
0	2.046515690561188e-34
0	3.493881040067818e-18
0	1.279738557381605e-20
0	1.2973858076748002e-07
0	7.402993339896722e-30
0	1.3835076270918917e-32
0	8.774899959024442e-20
0	1.6171117634708867e-20
0	7.266470817819656e-26
0	2.1897230983839244e-23
1	0.49077901244163513
0	8.801272904923607e-11
1	1.0753393314688608e-10
0	7.668586529945443e-15
0	6.98083676979877e-05
0	6.892769978120838e-23
0	5.795126184482413e-11
0	7.307617272014376e-17
0	9.9244881078184e-16
0	1.761969346756801e-24
0	1.3261684805865315e-10
0	2.6210492406991323e-20
0	1.1655292997622972e-15
0	2.7216960883218364e-22
0	2.8856073346766875e-13
0	1.0641415542714464e-22
0	9.365548517756002e-22
0	2.3991961187510446e-22
0	6.249142409233526e-28
0	5.930850708079453e-28
1	1.3529423767977278e-06
0	3.0319620447584036e-17
0	3.0706960590711485e-19
0	2.2613908087689566e-13
0	1.2490901713363096e-31
0	2.5921824952462356e-21
0	3.7120442136773235e-11
0	4.184350481942744e-21
0	5.434143690585813e-10
1	2.3091946786735207e-05
1	0.0
0	1.8569487281183683e-07
0	2.3558481599320043e-27
0	8.838427430068515e-20
0	6.173508926288207e-10
0	7.427916807915944e-22
0	7.828949135205871e-20
0	1.6884016970988847e-12
0	1.6659737821151158e-16
0	9.80908925027372e-45
0	1.0699949021881863e-22
0	9.292982270476483e-15
0	3.357131940368203e-36
0	3.9003764714860167e-29
0	8.241792969864985e-40
0	1.1738473422661525e-21
0	1.9322317069418087e-16
0	8.692645635900052e-19
0	7.211470531842679e-09
0	7.427916807915944e-22
1	3.141042113907755e-14
0	3.2705324451258455e-13
0	5.408816129085902e-15
1	7.80592864652041e-12
0	4.200250993579287e-19
0	1.857951880551282e-18
0	2.602327978550298e-21
0	1.5988832553978895e-18
0	1.9920564481012178e-29
0	5.823397319915102e-13
0	2.4186999780795304e-07
0	1.5826567635141664e-18
0	5.05937180150795e-07
0	0.0
0	9.589060149029941e-17
0	9.970213063893556e-16
0	1.2148176908866049e-10
0	2.5448523496840458e-11
0	2.6193121792804705e-26
0	2.6248841728035503e-18
1	5.221562396617716e-17
0	0.00034484200295992196
0	7.54855773266172e-06
0	3.845576690550477e-23
0	0.0008063678978942335
0	2.144783560687402e-15
0	0.0
0	8.325985937021136e-29
0	4.044777564233626e-15
0	1.0318384262796541e-14
0	6.705848597767814e-24
0	5.331790951531225e-22
0	1.2435327434445753e-08
0	9.300278162297879e-17
1	9.927515786090738e-39
0	8.219063083717799e-31
0	7.712239219915141e-15
0	1.1953828600145643e-23
0	1.8447515772397958e-19
0	1.4491449706888204e-11
0	7.556493562402279e-23
0	1.307432881958448e-07
0	1.9850144428969318e-24
0	1.3622878866637045e-12
0	7.090041173520717e-14
0	1.5165445574893965e-06
0	3.4070700548103763e-23
0	2.5167438916722613e-15
0	1.307010369972374e-22
0	2.1736851271281268e-31
0	2.882501823900851e-15
0	2.5916089618137037e-21
0	0.009055054746568203
1	1.3492224655437924e-18
0	2.43373397462707e-16
0	3.808301903476268e-18
0	5.043494630583385e-15
1	1.2723367100309938e-17
0	7.327166269891503e-22
0	2.285319913905632e-18
0	2.050346211035503e-06
0	7.48373060156736e-34
0	4.0313453157560675e-15
0	2.87139239122757e-17
0	1.595484540924813e-13
0	3.186478352290578e-07
0	9.85020087682642e-05
0	1.4597940513525983e-16
0	5.144509471199932e-11
0	5.806397089142836e-16
0	1.4599830384388166e-24
0	8.119511835001607e-20
0	4.696381738261408e-40
0	1.2608399838510281e-13
0	1.200264563294695e-07
0	5.0888909378750055e-15
0	8.735027268559972e-19
0	0.02512822113931179
0	1.3905676089775998e-11
0	1.4553496084452186e-26
0	6.104494357424729e-29
0	1.7942340536031798e-25
0	3.856880960440012e-12
0	2.5555221358143236e-35
0	7.601300138439693e-17
0	0.0
0	5.31682072771756e-15
1	1.0
0	4.8091984371914946e-29
0	1.0938311338420505e-17
0	1.1847983039103838e-08
0	5.3223960441601753e-17
0	2.384675487043312e-25
0	7.352311034297676e-14
0	1.7097996085118198e-24
0	7.687519024135447e-12
0	1.987134550874084e-14
0	2.231769213878465e-09
0	9.75501904968768e-16
0	3.880275644656664e-25
