label	pred(score)
0	1.759066005536959e-19
0	0.8638895153999329
0	1.165874986675921e-32
0	0.9999996423721313
0	1.2106027392612798e-26
0	1.1969330962876857e-40
0	4.279437510606871e-18
1	2.038959667771678e-09
0	2.0683605939098015e-09
0	1.0315177878528203e-10
0	1.084519279936913e-11
0	7.439155551460447e-27
0	1.5338271452947083e-07
0	9.569780384055579e-29
0	1.837725921938251e-21
0	1.240262306150398e-18
0	0.00010623996786307544
0	5.141769361216575e-05
0	4.3994650405393984e-16
0	3.712534819257523e-21
0	0.0
0	2.220763986143466e-23
0	1.4390030724172553e-19
0	8.15018410570538e-17
0	1.0059722290751155e-23
0	2.3426285867753083e-13
0	7.804166351689385e-21
0	1.0226942903646119e-10
0	1.2725428534562823e-21
0	2.48027340887802e-08
0	2.3266938693272263e-22
0	1.081809825793558e-24
1	1.3604528094346424e-11
0	6.171531542359918e-21
0	3.857615917130145e-20
0	2.6088515028832582e-11
0	9.854057235881038e-31
0	8.155012987598118e-15
0	5.7412054101156455e-15
0	0.03444473072886467
0	8.95237141990313e-28
0	1.6339378529395901e-31
0	3.160661776746565e-08
0	1.253416220300715e-21
0	3.448741628604677e-17
0	3.363936504637119e-15
0	6.738655793014914e-05
0	0.0
1	4.319200907847674e-14
0	2.4229107588534416e-19
0	4.279437510606871e-18
0	0.0008254438871517777
0	1.2044200081717804e-09
0	5.373645941591939e-31
0	9.616671520595023e-19
0	9.816543499569733e-15
0	0.0
0	1.7739895201367975e-22
0	3.8329042717499817e-10
0	7.127526859130812e-19
1	1.107542495185366e-20
0	0.004750619176775217
0	7.366949411613533e-11
0	4.2539545195096523e-23
0	1.8726817319070221e-10
0	1.0796066731572074e-12
0	3.231089895362784e-18
0	3.6562056286891446e-28
1	2.2048686412667404e-31
0	1.0363015907786306e-18
0	1.1628460416801545e-09
0	3.108273797310275e-15
0	4.911696156557904e-34
0	3.208973483303831e-43
0	5.222072309521385e-20
0	4.615060034166124e-20
0	2.2922483545627023e-14
0	2.183723729915491e-17
0	1.9191052302858225e-08
0	9.525521305181409e-23
0	4.4819571134010315e-25
1	3.4906730839168176e-09
0	1.233315206419461e-29
1	1.8784549995994806e-18
0	6.992685459141552e-18
0	1.738597386850363e-28
0	1.4777745491195574e-15
0	1.489751277356378e-15
0	5.755817385237189e-20
0	2.2318378482974954e-16
0	4.317855695976678e-34
0	2.0537294511514755e-16
0	2.087518240060445e-25
0	1.6436028978528322e-23
0	4.41064074152564e-08
0	1.643756026483044e-20
0	6.881585318879997e-21
0	8.640542563091103e-19
0	4.749934889858309e-10
0	3.1112751259485103e-30
0	3.031736094557971e-21
1	1.1322217469134088e-11
0	6.331661672826036e-21
0	8.198775791850958e-15
0	1.3766840346999404e-18
0	5.40984652929231e-23
0	1.0695457496409265e-15
0	0.0
0	3.02883853301827e-26
0	5.38917607416924e-27
0	5.076859266647538e-19
0	3.546099558952345e-26
0	7.270710256079838e-08
0	1.9047804279124809e-16
0	3.4465066356403895e-09
0	4.597896256175499e-18
1	7.895209820683528e-40
0	1.0185375742821634e-07
0	2.1435429343029161e-35
0	1.663223472752826e-17
0	1.7244078852286706e-15
0	1.1427598471181518e-14
0	4.273039821284241e-12
0	4.758962859341409e-07
0	1.5629444760634215e-06
0	2.776628482258764e-13
0	0.00021415895025711507
0	3.760637667937772e-08
0	6.972027816187776e-11
0	4.0260486306566946e-20
0	1.0562327519824364e-26
0	3.9539884436612925e-16
0	9.961502521171127e-17
0	1.9994894880435656e-34
0	3.3791335115186964e-18
0	1.2661856392534498e-20
0	1.2986954800453532e-07
0	7.278218658257503e-30
0	1.3480090201282033e-32
0	8.71694820229686e-20
0	1.6004010995101816e-20
0	7.256886774118803e-26
0	2.1764817525454276e-23
1	0.4857870042324066
0	8.797664680093575e-11
1	1.0696341729010683e-10
0	7.660224620690149e-15
0	6.984965148149058e-05
0	6.858751140444087e-23
0	5.686160917117711e-11
0	7.198935665692259e-17
0	9.89217168329828e-16
0	1.747757623118792e-24
0	1.3212754501612523e-10
0	2.5509346977927528e-20
0	1.1500756071561162e-15
0	2.746068482414055e-22
0	2.84873226353774e-13
0	1.0392091951542656e-22
0	9.341107713646082e-22
0	2.331473987759631e-22
0	6.230100739873369e-28
0	5.821242664566972e-28
1	1.2871486205767724e-06
0	3.0221467196098493e-17
0	3.0571380518435216e-19
0	2.2490027147461372e-13
0	1.2418305533245013e-31
0	2.533622510352421e-21
0	3.7218842591224544e-11
0	4.152991531777104e-21
0	5.360661359254948e-10
1	2.252066769869998e-05
1	0.0
0	1.8634717946497403e-07
0	2.3492341313169896e-27
0	8.654063088697223e-20
0	6.147857223304243e-10
0	7.352477471569807e-22
0	7.774278312829798e-20
0	1.6956243267113313e-12
0	1.6203630431389418e-16
0	9.80908925027372e-45
0	1.06227580356729e-22
0	9.25901201412685e-15
0	3.359489171013727e-36
0	3.888817882554155e-29
0	7.895209820683528e-40
0	1.1660906055137463e-21
0	1.8919554226487647e-16
0	8.643707562909884e-19
0	7.229787879481364e-09
0	7.352477471569807e-22
1	3.110362919371383e-14
0	3.1696970352254605e-13
0	5.3088357481237934e-15
1	7.569099860771367e-12
0	4.163941383603389e-19
0	1.8168798815961864e-18
0	2.5687251798040733e-21
0	1.5879422408332271e-18
0	1.97171953066815e-29
0	5.793175184357069e-13
0	2.4188869929275825e-07
0	1.5649941826894748e-18
0	5.052505684943753e-07
0	0.0
0	9.609273796222777e-17
0	9.906937585151291e-16
0	1.2164755314181264e-10
0	2.547795481533388e-11
0	2.6154680231114735e-26
0	2.6150396895384036e-18
1	5.1062898151747765e-17
0	0.00034128461265936494
0	7.553742761956528e-06
0	3.78679424688139e-23
0	0.0007780641317367554
0	2.1477801514965507e-15
0	0.0
0	8.290805817321365e-29
0	4.016210954571001e-15
0	1.0173070678497383e-14
0	6.734148982742618e-24
0	5.293205682064076e-22
0	1.2417479489101879e-08
0	9.264090664859909e-17
1	9.984025949261565e-39
0	8.170172863073879e-31
0	7.623406639571846e-15
0	1.1829941150424304e-23
0	1.8337222869941375e-19
0	1.4336503338652218e-11
0	7.43284497976304e-23
0	1.2897372414499841e-07
0	1.9896693138834147e-24
0	1.3549853513511456e-12
0	7.064932406458668e-14
0	1.5068982293087174e-06
0	3.5038023878191114e-23
0	2.4923050853198434e-15
0	1.3062129262605041e-22
0	2.135483676616234e-31
0	2.8817322944682706e-15
0	2.557510379765766e-21
0	0.00870516151189804
1	1.3438598536326111e-18
0	2.3952530031355113e-16
0	3.83556536287571e-18
0	4.972334545651604e-15
1	1.2919787754205555e-17
0	7.315994484860635e-22
0	2.2734771690757103e-18
0	2.0466266050789272e-06
0	7.257465846955821e-34
0	4.0172989683917495e-15
0	2.7943252970449845e-17
0	1.6003120866230763e-13
0	3.0657741945105954e-07
0	9.837706602411345e-05
0	1.4519134685695811e-16
0	5.113166487435983e-11
0	5.753501999169173e-16
0	1.4276594628473857e-24
0	8.070813515142109e-20
0	4.688506440891903e-40
0	1.2538995991691337e-13
0	1.1757087037267411e-07
0	5.0719718782700745e-15
0	8.465503907644522e-19
0	0.025032559409737587
0	1.3837441609210188e-11
0	1.4538402956664012e-26
0	6.028819755084893e-29
0	1.7752257105347809e-25
0	3.850295516444335e-12
0	2.526983107439526e-35
0	7.564014806892743e-17
0	0.0
0	5.110582181104767e-15
1	1.0
0	4.78256132142785e-29
0	1.0890181834479107e-17
0	1.1589076365225992e-08
0	5.2445593411356705e-17
0	2.363736160390352e-25
0	7.307990882365542e-14
0	1.6996743815780818e-24
0	7.636661268628497e-12
0	1.9852593893354524e-14
0	2.210236660360465e-09
0	9.608032363559458e-16
0	3.8323195576331144e-25
