label	pred(score)
0	1.1750438133357327e-13
0	1.1611570808599952e-13
0	6.655412739991277e-32
0	1.7802511660194807e-17
0	3.0871768307413853e-25
0	5.51302304678593e-34
0	1.5471241047390352e-22
1	1.1091051428105423e-23
0	2.0379572595458084e-12
0	3.527982350703951e-09
0	2.3389561229665567e-15
0	2.111044783963497e-26
0	1.1157355421509418e-12
0	2.7274160907656837e-27
0	1.0400020759295593e-30
0	1.0079481722881341e-20
0	2.2772215402255824e-07
0	3.9202882849427145e-15
0	3.210866276375514e-25
0	2.0438366338988155e-37
0	9.49924534422993e-39
0	2.8623226685451486e-27
0	1.033077447546052e-17
0	1.6575014418182025e-20
0	5.470618434725976e-20
0	3.7999054213800915e-15
0	4.61003361174432e-25
0	2.2445497945150878e-17
0	7.024918593811818e-21
0	1.450942751363149e-11
0	2.973505285542687e-21
0	3.337125018481602e-28
1	6.094128258711936e-18
0	2.4619122213377403e-18
0	8.457595544000632e-19
0	2.485828089069986e-16
0	1.1390140775059679e-34
0	1.232380980972781e-19
0	3.761428645355062e-22
0	2.9309669571375707e-06
0	1.7152025985983768e-31
0	1.0703346036282341e-28
0	3.0795854690131297e-13
0	1.5784089398449073e-22
0	1.2999692044801973e-15
0	1.9611056860245386e-21
0	9.192572814065159e-10
0	9.602916851343112e-28
1	2.2441674066085836e-22
0	1.1510438460513472e-18
0	1.5471241047390352e-22
0	4.827445642496375e-16
0	3.4763844580787406e-11
0	4.033395397178739e-28
0	1.901054016927948e-26
0	3.6549952472754106e-19
0	9.125133966976505e-38
0	1.721115770865561e-22
0	9.08667001876239e-18
0	4.148107285522746e-17
1	2.191150699964103e-24
0	2.698543985965938e-18
0	2.0216045726328957e-08
0	5.317718873221624e-28
0	1.3936063674585553e-13
0	2.4402631824913428e-21
0	1.5961324355746888e-21
0	9.099165673793412e-16
1	2.1934232788095523e-26
0	1.082563902508252e-19
0	9.186051306555795e-14
0	1.2290573081371894e-26
0	1.3336391993107288e-28
0	1.1088490617665984e-27
0	2.1994839690392393e-16
0	5.20053867502092e-29
0	8.58904216890658e-20
0	4.5169164115799e-19
0	1.1966767854421079e-11
0	9.849962756103258e-23
0	1.2042924683170939e-26
1	1.7982607633283052e-20
0	2.719028459723188e-30
1	3.833279681897467e-20
0	1.157937072514875e-24
0	1.0811189213756984e-20
0	1.7051958015564038e-15
0	7.950763528455362e-13
0	1.4096480612368873e-26
0	1.6545164334891576e-24
0	1.3591801408500532e-36
0	1.0444260346780345e-17
0	3.5888871895622583e-25
0	2.341540226514776e-19
0	1.6134615421492526e-08
0	2.768483311794013e-14
0	3.531744560523185e-21
0	5.551437392692433e-17
0	1.9455552620339933e-13
0	7.292093659429976e-28
0	2.6330750250889755e-20
1	3.0176901351672096e-16
0	2.232422589811416e-26
0	9.821437585213512e-25
0	1.5288126781750429e-16
0	3.147495941927254e-21
0	4.005706643806882e-19
0	3.154322843195163e-42
0	1.5622574742941367e-24
0	1.420760071627007e-31
0	3.164249863750457e-16
0	9.502544928374986e-31
0	1.2546852599554198e-19
0	7.118114848346569e-22
0	3.7328822453627005e-15
0	8.798447801694454e-16
1	1.629817313342283e-38
0	1.7442927148931268e-18
0	6.059670143528439e-29
0	9.937110933984537e-22
0	4.374825910894955e-18
0	5.640584036970702e-16
0	4.1227396496701374e-10
0	4.0010434743976975e-14
0	2.2648849551387684e-07
0	2.753206903183692e-14
0	1.2596679891702861e-19
0	2.3182991984449508e-11
0	1.624822476184816e-20
0	6.3290845690094075e-19
0	5.268540182758218e-25
0	4.168477969440973e-23
0	5.795589263064504e-19
0	2.3297882477677623e-34
0	2.5492796538362248e-36
0	2.3280558900604545e-19
0	2.9428142624965403e-06
0	3.576102230071569e-29
0	3.26732686963308e-36
0	2.828834587191752e-20
0	5.8098827663348354e-21
0	2.887513035012159e-20
0	4.314955353640191e-20
1	8.551508361278371e-28
0	1.775688032329047e-23
1	8.09730772242127e-19
0	1.8315214622699472e-10
0	2.0970596779079642e-06
0	3.48895937035309e-22
0	1.3693175282894487e-14
0	6.834637634723744e-25
0	2.685402898314204e-12
0	1.1499235462339178e-20
0	5.3214051831673714e-08
0	7.037204535010103e-28
0	1.95826487799798e-21
0	4.194120861457233e-18
0	1.0247788743728874e-19
0	4.070012669877136e-27
0	1.4768134982170542e-19
0	2.0919414078079224e-26
0	4.945891808729631e-21
0	1.713429946397647e-24
1	5.865727984242084e-23
0	1.9592518525537311e-13
0	6.586818795728645e-23
0	2.7765367779720316e-18
0	7.271268078199531e-26
0	1.5988751416155793e-28
0	3.806775727976941e-11
0	3.49400378874318e-24
0	2.791012273255587e-17
1	1.6565394550332145e-14
1	2.6879727835781607e-25
0	2.8940870834048837e-05
0	9.97341620610898e-22
0	4.660943383437862e-17
0	6.234177670622065e-13
0	3.7829699754306234e-22
0	2.4953593990571894e-22
0	2.081993643582151e-15
0	6.78717949445294e-22
0	3.99334233933437e-37
0	1.545721714522299e-20
0	2.623652914461765e-18
0	2.152932091397711e-37
0	7.791894705230022e-25
0	1.629817313342283e-38
0	1.480407210237685e-18
0	1.1418128542197706e-24
0	3.0959771553171883e-16
0	2.0366401013103917e-27
0	3.7829699754306234e-22
1	4.192371064268954e-21
0	9.1517631103644e-24
0	1.508129457092073e-14
1	1.77903204529153e-29
0	2.004227820775359e-23
0	2.333085535925689e-21
0	7.822888744749213e-20
0	4.67003806883676e-17
0	1.6269466323202016e-24
0	1.9679703157564484e-21
0	4.8066380736733194e-11
0	2.7120279605287415e-21
0	1.72745817650366e-09
0	0.0
0	4.96006846706365e-11
0	9.511939846884587e-12
0	6.306290489810351e-10
0	7.639251897728627e-09
0	5.042264610492203e-22
0	5.392552954223554e-18
1	2.6243541098004807e-25
0	2.2282362976966397e-07
0	2.3690555295274862e-08
0	3.073345079214708e-26
0	7.772329656252382e-18
0	2.738176483860038e-18
0	1.401298464324817e-45
0	2.147136287416726e-27
0	4.882695593632524e-22
0	7.98511968375005e-22
0	5.2435311840686006e-20
0	9.434103054774605e-23
0	2.8634417297030573e-16
0	2.8492724752938327e-19
1	9.254254197931025e-28
0	5.452333433799201e-25
0	2.5702189080472178e-18
0	1.3764382312333196e-24
0	8.223462058878916e-14
0	1.9577043278142564e-29
0	1.0058028803602871e-24
0	8.196332313556366e-16
0	8.965818600396147e-17
0	2.485189187172559e-19
0	8.346862012771501e-18
0	1.0005531294154935e-05
0	5.855527638028646e-25
0	2.1368831801636038e-18
0	3.7847156514555026e-30
0	4.718530420863842e-32
0	4.8862084043196316e-18
0	5.716188002195083e-21
0	1.964515721863784e-14
1	4.507377108365889e-28
0	1.227704641524756e-16
0	5.370031204287996e-19
0	1.6150222435437622e-12
1	1.2493690512584716e-27
0	3.8381901125783494e-23
0	1.6507799698050642e-14
0	4.991600230627564e-17
0	0.0
0	3.181284613973233e-20
0	1.0867534357226344e-15
0	2.9142251220699855e-13
0	3.3593995815828796e-21
0	2.386320091182781e-12
0	4.515900013402225e-19
0	8.218333862012399e-18
0	1.7255839573887087e-17
0	8.505640028536856e-27
0	1.1665698732235479e-23
0	5.001936478229155e-30
0	1.7394664539056165e-13
0	4.383262348461696e-14
0	1.2438224609011435e-15
0	1.125768781826054e-21
0	4.147994881603667e-14
0	1.4706439191436438e-11
0	8.392034242625445e-19
0	3.884314504639319e-27
0	4.341576357088558e-25
0	1.279442860251806e-13
0	2.979130087382796e-33
0	2.3049290833562083e-20
0	0.0
0	2.242545431673511e-26
1	1.8485728955692588e-38
0	1.1657270257071995e-19
0	2.0129652610577364e-13
0	1.8039946244966518e-16
0	4.979302150658531e-22
0	2.1636550357852474e-19
0	3.512012425504674e-19
0	1.4821815126516113e-18
0	2.2141655646442185e-16
0	3.8732814900856776e-17
0	7.91376360465999e-15
0	3.4498766792237772e-15
0	1.0551344942835094e-24
