label	pred(score)
0	1.0748645896951903e-12
0	9.31931506790995e-13
0	3.607127442600309e-18
0	0.9999998807907104
0	1.4810560300306563e-19
0	3.6647253649841304e-27
0	6.988379442395591e-29
1	0.03557020053267479
0	7.533633161749265e-10
0	3.660638725477838e-08
0	5.331897033264421e-13
0	4.412752318338255e-27
0	1.0316651241737418e-05
0	3.71101346932115e-17
0	2.0520634598801862e-29
0	4.2862447532238113e-13
0	8.847460776451044e-06
0	8.23060872789938e-07
0	8.06877771379469e-21
0	5.75519259995924e-31
0	5.605193857299268e-45
0	2.5852534178463444e-26
0	1.4063835545360254e-13
0	1.1846824632399944e-09
0	8.470291417892936e-25
0	3.2068530053663835e-09
0	2.1035810337011642e-22
0	5.5084544781439093e-14
0	1.256220601886114e-22
0	1.0966086545771692e-11
0	2.5163952901735578e-25
0	7.002106272147793e-26
1	6.82808234324199e-14
0	2.4019366896933646e-20
0	1.1006201360015182e-17
0	6.307199954940669e-19
0	1.1343585130958847e-24
0	6.538024787360042e-13
0	2.270958223785113e-15
0	6.720058445353061e-05
0	2.741599112069435e-22
0	3.2498991246154717e-21
0	3.1370277611131314e-06
0	1.9134803341262076e-19
0	1.9723463839246024e-19
0	3.1487136664956187e-18
0	1.027689791044395e-07
0	9.57487615105829e-25
1	2.5642001830916044e-15
0	1.2500946918990861e-18
0	6.988379442395591e-29
0	1.8273118129741306e-08
0	3.0760833169551915e-07
0	6.081911119563963e-26
0	1.794907586988362e-22
0	2.1875019157180375e-12
0	1.0972169778260246e-38
0	3.214467028869283e-19
0	3.701935989278993e-17
0	3.734001645724611e-18
1	1.1102431501279833e-13
0	1.4198231035322806e-08
0	1.6226930199536582e-07
0	9.820046231791928e-26
0	6.593403987798776e-16
0	2.546018084865754e-18
0	4.355723725611691e-19
0	7.018302764498527e-21
1	4.919888691471559e-20
0	8.923641891514399e-25
0	2.3318005304417966e-09
0	1.1549510564949097e-23
0	4.2961768170011064e-30
0	3.414278034673562e-23
0	6.122702485053641e-16
0	3.4460430301839574e-26
0	4.219912849265004e-17
0	9.80144402389982e-19
0	1.0050416054951938e-09
0	3.8266672155903543e-17
0	4.83854163499028e-32
1	2.2353034041918475e-18
0	3.1371424437017676e-19
1	7.734941159798225e-11
0	6.388219492011064e-27
0	3.695824365323145e-18
0	5.500539191416465e-05
0	3.5348459714867886e-09
0	3.1529228158614135e-24
0	1.1477706552089708e-22
0	2.586266041181449e-36
0	6.546309352978131e-17
0	2.288675960517655e-28
0	2.44624240132675e-17
0	0.0009584359941072762
0	5.663083717727517e-19
0	1.312734391350736e-18
0	4.103436340718858e-12
0	2.4161206368944477e-09
0	1.007791299798022e-26
0	6.7956097815983695e-19
1	1.0136169947827511e-07
0	7.82271374435087e-19
0	2.6795629390215608e-21
0	1.207164092553839e-16
0	3.2923139010454436e-20
0	8.008751441082083e-17
0	1.2904837817660105e-40
0	4.5658434210293754e-17
0	1.7401678345774794e-23
0	1.8488028816210367e-11
0	2.7280290886426747e-35
0	4.06715727763185e-08
0	4.3865335377105206e-21
0	7.954351760597334e-11
0	6.991869038494407e-15
1	1.0411874172496216e-33
0	1.036174401489176e-12
0	3.9475050827089604e-25
0	2.3255273023254565e-18
0	2.6919412879355953e-12
0	6.25879195996654e-17
0	2.9962221592683136e-09
0	4.8593472995461795e-11
0	0.007968555204570293
0	1.8160501532673467e-16
0	2.1395467229012866e-06
0	1.21617227399895e-09
0	5.952331336834095e-15
0	2.0117385341519675e-19
0	2.1400107874798947e-30
0	1.3924125638549065e-18
0	1.0486201744870977e-20
0	1.3332893145633135e-34
0	1.0843570914210225e-35
0	1.3620458094720789e-09
0	5.562354635912925e-05
0	1.413228442040701e-26
0	1.1911277862192971e-29
0	5.453543809744784e-16
0	2.0578749205580248e-19
0	1.6452523122006214e-16
0	6.224792145863631e-24
1	5.344434725884639e-07
0	4.788429865651576e-18
1	1.1805331885661463e-11
0	6.714654166017908e-09
0	9.011061047203839e-05
0	6.434642877762552e-26
0	1.4800862629688744e-13
0	6.895365897187367e-14
0	2.5992381779360585e-05
0	4.3707789462916515e-15
0	4.1738679179559313e-10
0	4.2380478246657185e-16
0	3.34085014520367e-17
0	4.2795516615314034e-18
0	7.828146770011695e-19
0	9.514432908456363e-33
0	3.7428842213349355e-19
0	4.767696081958129e-22
0	3.9253750198233756e-23
0	4.852957398056225e-18
1	0.9988577365875244
0	2.715139311298964e-13
0	2.25279207029275e-18
0	2.0869066729042423e-16
0	3.0778936209216752e-21
0	2.388970688301565e-27
0	3.199839511580649e-06
0	2.042154239925355e-21
0	2.005217823383698e-12
1	0.08903097361326218
1	5.537435871899871e-17
0	0.012099792249500751
0	3.4506970163643274e-20
0	8.368769560422723e-17
0	8.006919779979249e-13
0	5.428069297992014e-19
0	3.334336726537081e-14
0	2.90182010432888e-15
0	2.9300428186149197e-13
0	2.8214782584460817e-32
0	7.639054137438615e-26
0	1.6484570878263377e-15
0	1.5557667868549924e-27
0	4.6508908228896275e-17
0	1.0411874172496216e-33
0	0.00017571593343745917
0	5.279581589244737e-19
0	2.122732328455057e-16
0	3.9613530428620495e-25
0	5.428069297992014e-19
1	2.831067188134844e-14
0	1.0417750863356279e-11
0	3.765347408868358e-11
1	1.3603538350469185e-19
0	2.322455225020165e-22
0	1.925574002458191e-22
0	7.25230541175374e-15
0	1.2975157545019651e-24
0	5.43628763222238e-22
0	5.8108002873487415e-18
0	4.165133862810144e-11
0	9.10752117405332e-19
0	9.318284355686046e-06
0	0.0
0	2.7289202009228575e-08
0	7.155574249177298e-15
0	3.4508875756955604e-09
0	2.0769480357785142e-08
0	4.281950071717501e-19
0	7.637453721472548e-18
1	3.621764671726899e-21
0	1.542487916594837e-05
0	3.2187369924940867e-07
0	7.730363423356328e-20
0	0.0017438925569877028
0	1.0092429992015001e-16
0	2.2420775429197073e-44
0	6.332998766422407e-26
0	5.635690080779175e-20
0	3.81894304245066e-22
0	1.0921399723441087e-14
0	2.1369494786897e-17
0	1.6105527578247347e-08
0	1.6021863943789669e-18
1	1.600090947485697e-26
0	3.462187450713806e-24
0	5.7669646835734056e-11
0	1.1237999061756574e-20
0	3.29917447527972e-11
0	4.269856945616949e-22
0	1.5487290697429516e-16
0	5.13678599656231e-10
0	1.8167704007865382e-09
0	1.192410428209334e-13
0	8.886130546670312e-12
0	7.622283010277897e-05
0	1.0357178080613213e-16
0	4.920187521295638e-13
0	1.5300059331048576e-27
0	3.857914802132654e-41
0	1.4435784314345383e-14
0	5.86612217134963e-11
0	6.631314164451396e-09
1	2.886619413378725e-21
0	1.963975509999827e-11
0	2.3055583020705893e-16
0	3.6966518171185903e-13
1	1.46231172948319e-06
0	8.344374680669554e-19
0	2.6477904313537692e-09
0	1.575134467302064e-10
0	6.31808124552195e-35
0	3.3347723454174583e-12
0	2.3744903409500008e-14
0	2.9011204549789227e-09
0	5.595555574444688e-09
0	0.0007054007728584111
0	7.947332122547163e-18
0	2.913008501082004e-09
0	1.7599747192745399e-16
0	3.204531888816194e-30
0	3.873798643404646e-17
0	2.285548359680791e-24
0	1.507364416934113e-14
0	2.858567711427895e-07
0	3.3518642722496494e-11
0	0.005732175428420305
0	1.8945486957022695e-08
0	4.300905985521464e-12
0	7.500612908550863e-10
0	1.2919537427782846e-25
0	2.07412792358038e-17
0	6.763216722771581e-12
0	1.7383520715236966e-28
0	2.9606384618213744e-12
0	4.5548674089461735e-39
0	9.780597779993777e-20
1	1.982423009026305e-35
0	3.8935518660357807e-22
0	5.1528686916338384e-14
0	1.2589211408233067e-15
0	9.253393432829475e-16
0	1.626554411441743e-18
0	3.362521094896209e-10
0	4.5832005725332525e-12
0	9.550658930379541e-09
0	2.185380348906918e-11
0	1.9063655543050118e-08
0	3.95697120902927e-11
0	5.021484177528058e-19
