label	pred(score)
0	4.861743896356074e-09
0	4.869158853892941e-09
0	5.065254956629185e-18
0	1.7664792155078213e-12
0	3.455261532367269e-16
0	2.111892027265876e-17
0	7.878161115820997e-15
1	2.6713246516890925e-15
0	2.6880687187258445e-07
0	2.5144623577944003e-05
0	5.125198598854297e-10
0	3.2286045154070826e-16
0	1.3531234799302183e-08
0	1.7876962878408255e-17
0	2.311225608028356e-19
0	3.26507077668195e-14
0	2.2679749235976487e-05
0	2.6221040894114367e-09
0	3.640707749465573e-17
0	5.849461041287703e-23
0	1.82404516884124e-27
0	6.20811354032659e-19
0	3.8710882914981537e-13
0	1.1688921857343215e-13
0	8.876652532593607e-14
0	1.7855149303525053e-10
0	4.4021321355320654e-17
0	2.1968146052264714e-11
0	2.5752490079105315e-14
0	1.1445022352063461e-07
0	1.8803301336757158e-14
0	6.234170763597776e-19
1	4.030907899132963e-11
0	8.313858629316329e-11
0	6.387902359850095e-12
0	7.930280043755289e-11
0	5.581402950249982e-23
0	1.0552772170642141e-13
0	5.925635145325597e-14
0	0.00032797930180095136
0	2.404651522313158e-19
0	2.858987329017235e-17
0	2.6197943814310065e-09
0	3.658447954573308e-15
0	9.531867656287218e-11
0	1.2669349076788183e-12
0	1.6834963389555924e-05
0	1.8417843252862032e-19
1	1.9578014610974886e-14
0	4.756323807031393e-11
0	7.878161115820997e-15
0	2.8445381466957187e-11
0	8.80366997080273e-08
0	8.020793205567385e-18
0	1.9396970119700997e-17
0	6.79542305672548e-13
0	5.4133323478603e-24
0	3.304102054891428e-13
0	4.6329472376538394e-12
0	6.403370455404511e-12
1	1.5084775876333945e-14
0	3.242810686643338e-09
0	1.9104143575532362e-05
0	4.534320395065592e-18
0	1.5026627164793638e-10
0	7.177907573874265e-12
0	5.058834820774634e-14
0	1.949695613290281e-11
1	4.3068548256002475e-17
0	3.739235212695674e-13
0	5.613910669666211e-09
0	9.697430735441739e-17
0	1.9667414597927314e-19
0	7.606542498969324e-19
0	8.347847413325837e-11
0	8.319297666424243e-19
0	1.4624556990763815e-12
0	2.1154089764607864e-12
0	7.167434432631126e-07
0	4.192703821658591e-15
0	2.992845997079751e-17
1	1.6238989048854985e-13
0	2.0326987480367843e-18
1	1.0793137759403104e-13
0	1.6882749684762394e-17
0	2.9270570274758483e-15
0	2.760180750627228e-09
0	6.187790546618999e-08
0	4.792635169167734e-17
0	2.326115262304859e-16
0	4.556707107589446e-25
0	2.3231328319384126e-11
0	5.9258830308411e-18
0	4.4872533965477357e-13
0	1.2649530617636628e-05
0	2.3181467856403515e-09
0	3.977192652906275e-13
0	1.2540156413276549e-11
0	4.12629965751421e-08
0	3.8984199224914704e-18
0	7.838614197834548e-13
1	1.5206945425116913e-10
0	7.920827435923617e-16
0	1.3866522269615975e-16
0	9.412250839835323e-11
0	6.768284934247082e-13
0	1.2065311857240024e-12
0	4.6876661067619e-27
0	1.8617301371869587e-14
0	3.413098103232098e-20
0	1.5207098913450068e-09
0	5.060388239495229e-18
0	1.9440614482807428e-12
0	2.8307324407140892e-14
0	8.652819571963732e-10
0	4.479275617086387e-09
1	1.009270219861573e-23
0	2.6316598639858357e-12
0	3.9567609710948354e-18
0	1.923406814771501e-16
0	4.166482263368021e-12
0	2.280053479353228e-09
0	1.4754077710676938e-06
0	4.004733877849276e-09
0	0.00016454732394777238
0	1.8120741573923738e-09
0	3.928368079287014e-17
0	3.2986798714773613e-07
0	8.963814255745148e-14
0	2.857586400579343e-13
0	4.131622370007952e-16
0	5.949564842525068e-14
0	3.3876881334882203e-12
0	3.426647373667427e-23
0	8.048207856457578e-22
0	1.6159282028790911e-12
0	0.00018337670189794153
0	9.130829055763533e-19
0	7.800267132141735e-21
0	9.679211642257823e-13
0	1.8133818014895442e-12
0	8.974464400790527e-12
0	3.4199443136369995e-14
1	1.3830500075951617e-15
0	9.961360722561801e-15
1	7.985125690009032e-13
0	3.663167831291503e-07
0	0.00024391723854932934
0	1.2195100615106091e-13
0	5.728578056363176e-09
0	3.9559196787810323e-16
0	1.005604275405858e-07
0	1.4965678978191843e-13
0	1.4711140465806238e-06
0	2.579491189123631e-18
0	8.157844618740789e-15
0	8.576406945737247e-12
0	2.3632198628553702e-12
0	8.619872146764015e-18
0	1.4071590301398956e-13
0	4.548008083533752e-17
0	1.1358804657491187e-13
0	1.5300729043818797e-16
1	2.253835664514604e-15
0	4.152208799013124e-09
0	1.143496765782263e-14
0	1.259543337683855e-11
0	6.358178041437031e-17
0	7.804003725396018e-17
0	7.932248422548582e-07
0	2.0966106793946816e-15
0	2.2875304081515502e-11
1	8.244802757184644e-11
1	9.415261429049772e-16
0	0.0021105261985212564
0	9.679621470679023e-16
0	1.653940526202824e-11
0	1.1454693193968524e-08
0	1.1144594361939264e-12
0	3.324720149728666e-15
0	2.613575800225476e-09
0	6.681092853434711e-13
0	1.5393834228837721e-21
0	2.0994118173512516e-15
0	1.460025351486538e-12
0	2.786836107176506e-21
0	5.323738657556022e-16
0	1.009270219861573e-23
0	1.3169497610487912e-11
0	4.13714237784609e-16
0	1.9751627416964013e-11
0	7.170145553681007e-13
0	1.1144594361939264e-12
1	6.491638281612422e-13
0	1.0024989329339776e-13
0	1.9945289864153892e-09
1	7.25159929812282e-19
0	1.8239380681793135e-15
0	2.7330060144246243e-14
0	7.028083627222403e-13
0	6.039575523725249e-12
0	1.8954999028708563e-11
0	4.236583414814199e-13
0	5.598899406322744e-07
0	1.135248579170467e-12
0	1.7637240716794622e-06
0	3.811885106292838e-29
0	7.346150141529506e-07
0	3.576481333311676e-08
0	1.1237938224439858e-06
0	5.198261987970909e-06
0	3.149056400841496e-14
0	2.373383390860684e-12
1	1.9006711269782154e-17
0	8.788792911218479e-05
0	7.465291128028184e-05
0	3.8980797031055273e-17
0	2.7087524931412865e-12
0	4.474845407415051e-12
0	1.9253374952344214e-31
0	5.9576376673763984e-18
0	2.5519755579572756e-13
0	5.722516644574016e-13
0	1.0586409353308124e-11
0	8.331990696344715e-14
0	1.4994817887359346e-10
0	3.999458641872067e-13
1	3.947209109588824e-15
0	1.18681841410035e-15
0	1.5010749587762717e-11
0	3.442372052014399e-14
0	2.1800037330876876e-09
0	6.118006481454504e-17
0	2.407730327844159e-16
0	5.40317400196666e-12
0	1.1794511201035363e-10
0	5.802732860188398e-12
0	1.6422467552512643e-11
0	0.00010600448877085
0	5.695986895039654e-14
0	4.670290196240323e-12
0	6.041065510181789e-22
0	2.6311886332397e-19
0	2.709028713973518e-14
0	1.41391184784595e-13
0	1.55340380558755e-08
1	2.832846899648232e-16
0	2.7320928505658593e-11
0	4.7583655765626176e-11
0	4.006646037169048e-08
1	2.588147816213733e-16
0	1.3368781145853877e-14
0	1.8274048940725152e-09
0	1.5171745804121173e-10
0	5.226946127400279e-31
0	1.7783678989049395e-13
0	8.252775199335538e-12
0	6.836573618329567e-08
0	3.472378363577472e-13
0	3.0734705092072545e-07
0	1.4073845441917726e-13
0	2.266142655471537e-11
0	1.8787833701988665e-12
0	2.8599238215477367e-18
0	7.021748549225276e-16
0	2.8420320599945795e-19
0	1.8907715393368107e-09
0	1.0560047947194562e-08
0	1.256113268954806e-10
0	1.3043217764532877e-13
0	4.326597413673028e-10
0	2.1572846264916734e-07
0	8.20999258160926e-12
0	6.776951792304047e-17
0	5.620801582487578e-16
0	8.552435426523175e-10
0	8.54699315256848e-24
0	1.2277152188486847e-14
0	1.1846116730863613e-29
0	2.0894387058464917e-17
1	2.515558943539628e-26
0	7.644002076277745e-13
0	1.4463912734186124e-08
0	1.3117736064049978e-10
0	8.30396881357047e-15
0	2.9454871701417584e-12
0	2.8737119021210455e-12
0	6.342109563212128e-12
0	1.411192829259278e-10
0	2.3087852810133036e-11
0	3.732322229055285e-10
0	6.175640554495487e-10
0	2.1916362087829282e-16
