label	pred(score)
0	7.594178073660942e-15
0	1.2550648454540125e-13
0	4.779519049578151e-20
0	1.756777578520996e-06
0	2.3133002458042284e-10
0	4.960652809683191e-27
0	2.0637257965052808e-17
1	5.1630167155480855e-12
0	7.157534565038759e-09
0	7.468055507331428e-09
0	1.5895984094479716e-16
0	2.3202266930671955e-12
0	7.847621219525536e-09
0	2.40720792027394e-15
0	1.1527995233768375e-29
0	7.849572906818217e-15
0	0.00018806889420375228
0	5.825077664667333e-07
0	3.699048705657354e-21
0	1.2279756920142901e-32
0	1.5414283107572988e-44
0	9.828943715055825e-23
0	2.850904864533918e-18
0	3.917285468441403e-14
0	3.9429038246817486e-23
0	1.2931573401073898e-13
0	3.535874931815604e-18
0	2.9325110726232187e-15
0	1.6801049749959103e-22
0	5.758808707678753e-11
0	2.0349336349350273e-25
0	1.2813045642920602e-23
1	1.308535613198103e-09
0	1.3839426532666257e-14
0	2.681400055657123e-16
0	6.713026944223099e-13
0	5.977676680198312e-16
0	2.221668986155136e-17
0	1.446622689022794e-16
0	2.1155399281269638e-06
0	2.9701776651406295e-25
0	3.415962987734361e-13
0	0.00010716167889768258
0	2.4849154937873805e-18
0	8.503695870501861e-19
0	2.7457626482476293e-16
0	2.4355410133125588e-08
0	3.5389030436590066e-30
1	3.2132916569176336e-18
0	8.668964618185395e-20
0	2.0637257965052808e-17
0	9.352208252266792e-08
0	6.848162570349814e-08
0	1.9434684916777883e-23
0	1.392302125429701e-24
0	3.5256422940480167e-16
0	1.5004453753502694e-37
0	3.502329697408312e-17
0	4.701477053250308e-18
0	1.4424630160979465e-15
1	9.78871243214268e-17
0	4.7321968392466385e-12
0	4.9175355343322735e-08
0	1.2633773027089721e-28
0	1.893608967545868e-12
0	1.554807071123005e-14
0	2.724979011865004e-22
0	6.802360133743716e-17
1	1.2198447235552096e-21
0	6.090244438940846e-19
0	6.432391952415628e-09
0	1.3986897893693876e-17
0	5.512452633560419e-35
0	5.4736049910712876e-27
0	1.4123404201461052e-17
0	1.1015685265757297e-26
0	5.814589084746964e-19
0	5.533444890880425e-17
0	1.6205102537636407e-10
0	9.533739527272257e-15
0	2.284351824087918e-26
1	4.2586046437622963e-20
0	5.740075515597853e-12
1	4.4915369167009e-12
0	2.7997896236020824e-31
0	6.419489723094742e-19
0	1.5728475943888043e-07
0	8.769179826728646e-12
0	2.8598591653309643e-25
0	1.9555372746667646e-24
0	1.1056392214922307e-34
0	4.781475344651536e-18
0	1.1311209200887807e-26
0	4.716391152781863e-16
0	0.00014895816275384277
0	1.7210159682611704e-16
0	6.677225243293429e-19
0	1.6451464595519942e-15
0	1.4485759720628266e-06
0	5.717512379748091e-23
0	1.9507583482597513e-12
1	5.356733459582763e-11
0	4.778944212947404e-24
0	9.086948917884858e-25
0	5.999713139812097e-19
0	4.854010605771158e-19
0	4.134655942275578e-13
0	8.443326313705715e-39
0	7.270340011940747e-22
0	1.2643425936069764e-19
0	4.703204405792638e-12
0	6.471513678812361e-35
0	1.8892897771412287e-13
0	2.0689034094724646e-18
0	4.807751961301288e-13
0	5.712216554528814e-15
1	1.7282106466352251e-34
0	8.920857826858093e-16
0	9.924519025774873e-25
0	3.7210666718027374e-23
0	1.1936527883737308e-13
0	4.572491202944201e-14
0	3.3226907447669873e-08
0	1.027596061763331e-14
0	0.0010955344187095761
0	3.701814516813423e-14
0	2.066061092487523e-21
0	5.318006301990863e-08
0	2.1527732783717168e-17
0	1.5141091333325096e-19
0	7.959004778535149e-35
0	2.7040261254756332e-18
0	3.521702267354304e-17
0	2.5031464533157424e-39
0	2.1768210416207632e-24
0	1.682644648615117e-11
0	5.1166181947337463e-05
0	4.931159673552448e-21
0	1.5164042069470183e-26
0	2.9602696393239426e-17
0	1.7145736871272604e-17
0	7.374184664896805e-16
0	9.364052887966801e-21
1	3.0920971620836124e-14
0	3.439391642472326e-22
1	1.6879265997069015e-14
0	5.2781210513330734e-08
0	3.2301781175192446e-05
0	4.84186035654852e-19
0	9.330025562358756e-16
0	3.4803058817671777e-22
0	4.734415970375494e-09
0	7.439842754675467e-18
0	1.664695603587063e-10
0	3.0895196123648105e-11
0	4.654054715940749e-15
0	2.5978051423689655e-21
0	3.0049621416457337e-16
0	3.2426133918845286e-31
0	1.4848922869165241e-18
0	1.8525614231375673e-23
0	3.1062389760167864e-20
0	2.049817575546583e-22
1	7.700520776587894e-12
0	1.093481841939149e-15
0	1.8512783528379373e-09
0	4.053399874598643e-21
0	9.028323733637227e-23
0	2.2077223798861712e-23
0	9.825398592511192e-06
0	2.964925084107022e-25
0	2.004979705481566e-13
1	2.529048671873202e-11
1	2.010933971759289e-18
0	0.012264162302017212
0	4.1609974223578154e-22
0	1.3385709311062991e-16
0	4.902195403083676e-12
0	7.866193459273954e-19
0	1.0812267133492717e-19
0	4.101002658360301e-16
0	1.9935369076394207e-16
0	4.666786149306888e-29
0	8.801652143257144e-20
0	1.6910022822175003e-16
0	6.077249444652172e-26
0	1.1691410864580253e-22
0	1.7282106466352251e-34
0	4.898866201585861e-09
0	1.0307640920650764e-22
0	3.434491708059104e-20
0	6.746609632386263e-27
0	7.866193459273954e-19
1	5.0006605979572086e-14
0	2.300773793706412e-09
0	3.789460065184436e-12
1	1.2518183241614829e-24
0	1.628494412914986e-22
0	1.4443556185743576e-17
0	2.3068836771389378e-11
0	2.5542624437814664e-22
0	1.3920599506538245e-21
0	3.914360507151283e-20
0	4.087812987413342e-12
0	1.1371273056590153e-16
0	1.1485671969069244e-08
0	0.0
0	5.247760004323254e-10
0	8.895016667676003e-12
0	2.415142807965509e-10
0	1.850271325043451e-10
0	3.7631959967053445e-21
0	6.316081031286132e-20
1	2.5867047370226764e-25
0	0.00026451185112819076
0	3.9646943150728475e-06
0	2.3416475015004664e-19
0	4.761818388487882e-07
0	1.3387592305009407e-17
0	4.203895392974451e-45
0	3.093509691745437e-31
0	6.495331070026374e-20
0	1.746453932654162e-21
0	6.598002444966125e-14
0	1.5514467737134461e-19
0	8.670106428317666e-16
0	8.288210393391039e-22
1	1.1730735366135354e-20
0	1.685155672718806e-23
0	1.036451653668724e-11
0	3.148237218742672e-23
0	7.765814358760836e-13
0	4.1094017792143306e-21
0	1.8759254295875052e-20
0	1.010238306854358e-13
0	8.028862019671124e-10
0	3.6545944575891134e-17
0	3.5758739719282673e-12
0	1.1136318789795041e-05
0	5.252491150353755e-12
0	1.5338527670216706e-10
0	3.5007169686132225e-30
0	5.2236209580868835e-37
0	2.8624567363804373e-25
0	2.2573819373548736e-14
0	3.842998646088128e-14
1	1.1350456571666508e-26
0	4.69721538564721e-16
0	3.0111654213493557e-19
0	2.4706009671892834e-14
1	3.8440034488829156e-10
0	2.955401945082888e-20
0	1.3224269769518404e-11
0	1.2464325578609436e-11
0	1.1590383703062561e-30
0	1.1575757662666978e-15
0	2.14727113763481e-16
0	2.718564577012389e-13
0	1.851415132314571e-10
0	0.31047171354293823
0	2.5965369064688597e-21
0	4.8348645975693216e-08
0	1.1094496150175695e-20
0	1.4336817506425453e-28
0	1.1024978566715289e-18
0	9.809446067452416e-27
0	1.440107591179561e-18
0	8.023422898295607e-11
0	2.1510652981060474e-10
0	0.9973245859146118
0	4.6404029063751295e-08
0	8.688660685027272e-13
0	2.095816171276965e-06
0	6.482750609621028e-29
0	1.1179267396495976e-17
0	1.291546414731819e-15
0	2.7620126441002715e-32
0	1.204796963236581e-20
0	2.7118701398366167e-38
0	9.658088938541693e-22
1	2.1949238495951772e-39
0	2.9114021161158544e-21
0	3.498549233854761e-18
0	9.091502778477839e-15
0	7.843103692683562e-16
0	1.0374004173058227e-12
0	1.8986387169492996e-13
0	1.660655738695339e-17
0	1.3711047586184577e-07
0	4.769009622970777e-13
0	0.00026071956381201744
0	4.56517723044354e-19
0	3.6049639387834796e-20
