label	pred(score)
0	2.077748394964509e-23
0	2.5007313997349456e-09
0	4.8352588238667835e-39
0	1.0
0	2.83615401154251e-32
0	0.0
0	4.112880196125974e-30
1	8.760090195003805e-26
0	1.2001023524028004e-16
0	2.724458604953881e-15
0	1.9843498932914372e-07
0	9.42232998733356e-33
0	1.931422102262911e-15
0	2.0363489746585102e-23
0	3.7565933597053004e-31
0	4.0559261871522945e-26
0	8.729197725187987e-05
0	1.3479805742152855e-21
0	1.7353356665031024e-30
0	0.0
0	0.0
0	4.357742108910322e-23
0	5.418078504844659e-26
0	2.9428678969807225e-21
0	1.8708989412546203e-30
0	1.0626059623172048e-26
0	1.0159413866354924e-42
0	5.577448581815471e-29
0	4.14792587688783e-28
0	7.143414413593105e-14
0	4.1295108756891246e-16
0	0.0
1	0.5185100436210632
0	3.4597440668253394e-32
0	1.1570416285821754e-30
0	2.7298829429617255e-12
0	1.062897073123897e-35
0	1.3341287199607783e-19
0	1.3540375934159183e-34
0	2.4430921257589944e-05
0	0.0
0	9.558537084852442e-41
0	1.8289096260559745e-05
0	0.0
0	2.293838538376804e-23
0	4.204095142233398e-28
0	4.834276035037277e-11
0	0.0
1	7.616825031084252e-33
0	1.1606258063027076e-24
0	4.112880196125974e-30
0	1.426601567083554e-19
0	0.0005761382053606212
0	0.0
0	9.364179016482351e-32
0	1.7037644508177006e-31
0	0.0
0	7.082401835240395e-26
0	2.5319517273728732e-28
0	3.8317758933932395e-19
1	5.455480554937535e-23
0	4.309512036115848e-08
0	7.655871718374209e-15
0	1.1061536265129313e-27
0	1.7168386712285155e-09
0	7.719664070076039e-28
0	8.786156347168724e-27
0	4.100913063450305e-14
1	4.82326931420602e-41
0	1.0249871398156727e-32
0	5.295070371752475e-12
0	5.7902703519749685e-39
0	2.8124638036926483e-31
0	0.0
0	4.657283323131051e-24
0	2.802596928649634e-45
0	1.529505239278806e-18
0	8.758826909144348e-17
0	3.147119681183423e-16
0	8.203228329105656e-20
0	0.0
1	2.1393687221950064e-20
0	0.0
1	1.823915383578195e-17
0	4.755481498034765e-33
0	2.6484540975739043e-43
0	1.7443860890259053e-14
0	3.089309814882215e-17
0	1.9321103226110578e-41
0	3.7366906326496974e-05
0	0.0
0	4.367270132987166e-19
0	2.1473525693282783e-39
0	7.638865808449503e-37
0	5.026062808610732e-06
0	4.032898808179641e-30
0	9.881762227136698e-31
0	4.673131667459041e-20
0	1.7177165245740866e-09
0	0.0
0	4.212561607306122e-25
1	3.805233735487944e-20
0	3.292065969025882e-33
0	6.578719791150434e-08
0	2.3146819789867346e-21
0	3.714876225995289e-34
0	6.447090311698794e-14
0	0.0
0	1.0061322973852187e-42
0	3.608646534086514e-30
0	4.1003736517275513e-10
0	0.0
0	1.368040152395126e-19
0	1.0761367239683654e-34
0	5.304958456462098e-19
0	1.9386406629378357e-23
1	1.401298464324817e-45
0	2.4463754602759484e-30
0	0.0
0	3.562280899149968e-30
0	7.369284248424694e-18
0	1.8463896395371506e-29
0	2.2599707572387914e-18
0	4.720307716497501e-19
0	0.001385800656862557
0	5.451604137382796e-18
0	0.9989489912986755
0	8.60460875863828e-15
0	1.124691689266755e-28
0	1.317686632025627e-25
0	6.754258598045618e-43
0	5.161259536990752e-25
0	1.9158750219995486e-20
0	0.0
0	0.0
0	2.3550239312492845e-25
0	0.0011579495621845126
0	1.3842726879832705e-40
0	0.0
0	1.4943395762794397e-29
0	1.4770603133743297e-28
0	4.526726515150837e-21
0	4.715449957325619e-26
1	3.2392793764021716e-36
0	1.064986832886861e-43
1	2.895835975375206e-16
0	5.717497872717581e-13
0	7.554558756339702e-09
0	5.550645294496974e-35
0	1.0218493243810368e-15
0	1.5953592439746894e-36
0	3.537561953440016e-14
0	2.7228239188137264e-25
0	2.640544250268051e-12
0	3.1261399822905235e-34
0	2.1965280334334143e-20
0	1.9070289509863503e-14
0	4.13089015986125e-27
0	3.7736967644267324e-42
0	3.004370787151396e-28
0	1.979202022491526e-37
0	8.292073038536137e-36
0	4.7307836155605824e-42
1	2.331097825620382e-13
0	1.9183972362433034e-21
0	6.176298581137787e-33
0	4.396438411684109e-34
0	2.110215357426742e-41
0	9.385853673795231e-39
0	3.168763515470907e-11
0	1.1076667104751091e-32
0	1.2622676341667027e-12
1	1.4159020745753014e-15
1	1.2029640158288346e-36
0	6.310883760018982e-11
0	8.329090295350246e-31
0	2.3116253401942295e-24
0	2.018958450881666e-18
0	3.5963333718209726e-30
0	2.509376463513301e-34
0	9.884581956371928e-25
0	1.9079282769619495e-32
0	0.0
0	1.6400292848693604e-35
0	3.644246181513483e-27
0	3.396607347676924e-41
0	5.793975380182073e-34
0	1.401298464324817e-45
0	6.017233800644545e-31
0	5.498936772281716e-24
0	2.3582571912653032e-20
0	3.6433760072445244e-44
0	3.5963333718209726e-30
1	1.1130058685879423e-28
0	7.790971580422697e-33
0	2.8392614647537713e-24
1	1.9698610954394056e-23
0	6.361883792535686e-34
0	1.3898960703946418e-27
0	1.6608829679126805e-33
0	1.1786742338393496e-23
0	1.624020702114757e-38
0	3.929811952207573e-22
0	3.2802349725358226e-09
0	6.011459743005947e-36
0	5.85376053185982e-11
0	0.0
0	6.186327998099869e-23
0	3.639895730742776e-13
0	3.8359726062253685e-08
0	2.2938467480858185e-16
0	4.680336870844889e-43
0	2.103232842330513e-25
1	1.4346245499503758e-33
0	0.0024834813084453344
0	2.06926593915302e-11
0	0.0
0	3.8998332015961756e-14
0	2.5548508757345938e-34
0	0.0
0	1.433488532127901e-38
0	3.832096380871159e-27
0	1.348662635975714e-24
0	1.4031702656839013e-29
0	2.6824728188518814e-32
0	3.990271221082642e-12
0	1.313949454524286e-29
1	0.0
0	8.758115402030107e-43
0	8.13909826425548e-23
0	7.596495884844338e-30
0	2.2427941450239746e-18
0	0.0
0	9.568276935155663e-23
0	0.967997133731842
0	6.053550260388905e-28
0	6.195492440811149e-30
0	1.0045998477583025e-22
0	3.1450659321308194e-07
0	3.552885831080682e-32
0	1.2172140860188469e-28
0	4.4274109058250455e-39
0	0.0
0	1.2596907568319705e-21
0	1.2305284693764004e-14
0	1.6249681721092202e-05
1	0.0
0	1.8803848181227906e-13
0	2.364447928290498e-33
0	2.3823289678088603e-18
1	2.2085266525450304e-27
0	1.2696874363582097e-35
0	1.3933834800235877e-20
0	6.019684071533695e-18
0	0.0
0	1.2535290676420678e-24
0	7.821625054723561e-15
0	6.774356538981556e-20
0	2.0794212705899096e-12
0	2.407376371573181e-20
0	4.1005613546541384e-25
0	7.814171884757974e-22
0	2.7577790100163198e-18
0	1.8104776159076637e-42
0	0.0
0	0.0
0	2.480320970773743e-19
0	9.368781445084906e-11
0	2.0558536509645116e-16
0	0.002036085817962885
0	7.318564564052707e-14
0	1.2723185550709095e-15
0	2.180195720139591e-31
0	2.550363205071167e-43
0	2.5084526100807547e-38
0	5.523780298718993e-19
0	0.0
0	7.763698155807362e-20
0	0.0
0	8.358783400201452e-32
1	0.0
0	1.037504315868435e-25
0	3.678303306829455e-16
0	1.6907800029844489e-12
0	1.4237961323372922e-19
0	0.0
0	1.0873790092588511e-16
0	2.1013903985218016e-23
0	1.1931025828762487e-12
0	1.9923301408019084e-29
0	5.048436472260573e-17
0	5.49556867384889e-21
0	6.384231725556007e-40
