label	pred(score)
0	9.15792615352462e-13
0	4.837813092836707e-13
0	8.126736223676492e-19
0	0.9999986886978149
0	4.513968546671914e-20
0	7.093832171682435e-28
0	2.557090289083852e-29
1	7.444322136507253e-07
0	6.888793979697994e-10
0	3.217920152565057e-08
0	3.196379792791415e-13
0	1.5150447315178743e-27
0	3.4585111734486418e-06
0	5.491846887773807e-18
0	2.1155054448273986e-31
0	1.2250375952364834e-13
0	7.166127488744678e-06
0	5.965268883301178e-07
0	1.2638245899237204e-22
0	2.6976102473545954e-31
0	1.401298464324817e-45
0	5.522451581878803e-27
0	5.665555627046943e-16
0	2.5747337595305453e-10
0	1.8752337983132075e-25
0	1.4360985733929965e-09
0	4.5097426680275654e-24
0	2.0670104354265223e-14
0	2.8709456685815206e-23
0	4.036953063502047e-12
0	9.981921722138444e-26
0	2.9397413160054234e-26
1	4.227742017148123e-14
0	1.7199886363067615e-20
0	6.4986584557391564e-18
0	3.6283644259482073e-19
0	3.9395020888254932e-25
0	2.943553603987348e-13
0	1.8324183502889868e-15
0	6.0830850998172536e-05
0	1.275983776372435e-22
0	1.20995480594089e-21
0	1.7306600739175337e-06
0	8.017787360468338e-20
0	8.001959776435019e-20
0	1.4728703540864081e-18
0	9.146984325525409e-08
0	1.9108267093187138e-25
1	1.8429757689435644e-15
0	7.702491314122413e-19
0	2.557090289083852e-29
0	1.0199252997722397e-08
0	2.2668426424843346e-07
0	8.989437482426819e-27
0	7.623666015114934e-23
0	6.818920157258129e-14
0	2.3928236265179138e-39
0	1.36093001804235e-19
0	1.1665283569256102e-18
0	2.534273981323879e-18
1	6.144961113303121e-14
0	9.101420062052057e-09
0	1.433290890417993e-07
0	4.680431928704793e-26
0	4.100470615790307e-16
0	1.7964524495740362e-18
0	1.826363255287514e-20
0	2.488032257021105e-21
1	2.8409140090744405e-20
0	4.7486483057052305e-25
0	1.687358031077224e-09
0	2.448781282429966e-25
0	8.19620677156041e-31
0	1.3595676913573083e-23
0	5.427435607332446e-16
0	9.825361952512832e-27
0	2.0968965662492698e-17
0	4.1100329891075424e-19
0	9.160228131577242e-10
0	8.630828981157892e-18
0	7.65203108689138e-34
1	2.928022654548295e-19
0	1.3116124759461728e-19
1	3.255462219242666e-11
0	2.0194192061196588e-27
0	7.076999048400893e-19
0	1.69135419127997e-05
0	2.8181013078665273e-09
0	9.50678069164348e-25
0	5.674122505606039e-23
0	6.7320239150524835e-37
0	5.2053738102855634e-17
0	1.93752584821177e-29
0	2.5942141768464623e-18
0	0.0008918193634599447
0	3.636997865097788e-19
0	1.0258902819987319e-18
0	2.3052902902581662e-12
0	1.641669022944825e-09
0	3.911465879809301e-27
0	4.743104814179462e-19
1	4.8605969027448737e-08
0	3.1764355907495677e-19
0	1.3304072271147601e-21
0	5.653441335365532e-17
0	1.340356598335607e-20
0	4.443399514547846e-17
0	1.3211441921654375e-41
0	3.138163101859597e-17
0	6.580762868331444e-24
0	1.2251720471478933e-11
0	6.297936985946732e-36
0	3.006820392670306e-08
0	2.244588115595669e-21
0	4.6665438874216036e-11
0	5.414782205649888e-15
1	1.0042795808220644e-34
0	7.635706574405515e-14
0	2.505341869777214e-25
0	1.0818125898675065e-19
0	1.3035509087086505e-13
0	3.6518075206692997e-17
0	2.796522791115308e-09
0	4.3105002206500487e-11
0	0.006393008399754763
0	7.12095768021913e-17
0	3.6489071979670203e-19
0	7.679993863085599e-10
0	2.8310644246898537e-16
0	1.383758942790849e-20
0	9.474819248418752e-31
0	6.4768515966479975e-19
0	2.5292384127162117e-21
0	5.168680802989253e-35
0	3.0911307844789884e-36
0	1.472502814126031e-10
0	5.1109363994328305e-05
0	2.711345842420225e-28
0	3.595812392724688e-30
0	4.623033828313455e-16
0	1.405293394504188e-19
0	5.090807971957989e-17
0	2.4597645435095518e-24
1	9.25104757243389e-08
0	1.4552889403593232e-18
1	6.4892895744461665e-12
0	6.5049881037282375e-09
0	8.039031672524288e-05
0	1.5182621900829676e-26
0	1.0883144158004704e-13
0	1.6134311107870699e-15
0	1.8724282199400477e-05
0	1.077963139554266e-15
0	2.3040266916574126e-10
0	1.793468916638037e-16
0	4.669697187706327e-18
0	2.4663113746304504e-18
0	4.693733505343469e-19
0	2.618223934321583e-33
0	1.8110515282260465e-20
0	7.397285970054936e-24
0	2.699021007353291e-23
0	2.614730530784462e-18
1	0.993963897228241
0	2.2613908087689566e-13
0	5.896115488932308e-19
0	1.302505062305599e-16
0	2.0005938667511424e-21
0	8.47098908216343e-28
0	3.763924496524851e-06
0	6.66388091362013e-22
0	1.2486830146263284e-12
1	0.030659910291433334
1	2.381448847637104e-17
0	0.011300751939415932
0	1.9187849771554377e-21
0	6.243720729205823e-17
0	3.179403355174637e-13
0	3.1492766663000376e-19
0	8.818377851668637e-15
0	2.0572746810824287e-15
0	1.40924869430209e-13
0	4.766996567227023e-33
0	7.130244862472489e-27
0	1.013916543192645e-15
0	5.569351250105538e-28
0	6.7522790625831214e-18
0	1.0042795808220644e-34
0	7.622595148859546e-05
0	1.5029911796649433e-19
0	1.7032315850912803e-16
0	1.944504660476796e-25
0	3.1492766663000376e-19
1	3.1633944663528486e-15
0	5.423959024974945e-12
0	2.9829843456452565e-11
1	1.4203615233376072e-20
0	1.0703787303502307e-22
0	3.0327855319974046e-23
0	1.8377296306800755e-17
0	6.598808653184054e-25
0	2.962589217662856e-22
0	2.890039399699261e-18
0	3.060797101883672e-11
0	2.8203025422906943e-19
0	8.042040462896693e-06
0	0.0
0	2.389522357759688e-08
0	5.577147833726696e-15
0	3.0796623029516468e-09
0	1.8349325614508416e-08
0	2.431595896791307e-19
0	4.177132226036619e-18
1	7.743164305868496e-22
0	1.373667055304395e-05
0	2.88124311964566e-07
0	3.3853491017377847e-20
0	0.00046940232277847826
0	7.042427138096816e-17
0	1.401298464324817e-45
0	1.9103957016045995e-26
0	3.039078695743443e-20
0	9.274245756585722e-23
0	7.096748234506961e-15
0	1.764592306151607e-17
0	2.3701118845309566e-09
0	1.1195948527523874e-18
1	1.0204880314749937e-26
0	1.1670366816642125e-24
0	2.736442322737176e-11
0	6.550267575706615e-21
0	7.192530425415011e-12
0	1.7541381194468366e-22
0	3.961671363365134e-17
0	2.6377330875071436e-10
0	8.040432208922255e-10
0	3.768539029013612e-14
0	6.0782897812194925e-12
0	6.757935625500977e-05
0	5.630584680679467e-17
0	4.980025181296199e-14
0	6.968603873356002e-28
0	8.788943968245253e-42
0	3.472864941654022e-15
0	1.6367429980790327e-11
0	8.188227873517917e-11
1	1.5685718317350268e-21
0	8.433398944462933e-12
0	9.005134164038548e-17
0	3.123014542284752e-13
1	2.788833342037833e-07
0	1.4374614145506096e-19
0	2.142467758758926e-09
0	1.0804730027347276e-10
0	4.2757268939283094e-36
0	2.136294613430678e-12
0	7.577390515921072e-16
0	2.4721815705675e-09
0	1.6402136315818439e-09
0	0.0003900742158293724
0	3.2647652452804303e-18
0	1.5056040858496544e-09
0	1.3563956724182757e-18
0	1.107786158333568e-30
0	1.629430663188197e-17
0	8.17593438060457e-25
0	1.2432680143096946e-14
0	5.742069220104895e-08
0	5.425976942058375e-12
0	0.0006288022850640118
0	1.722073861287754e-08
0	3.890928811783878e-12
0	3.739854259610098e-10
0	7.099118290860094e-26
0	1.527919885596302e-17
0	3.459845474354517e-12
0	7.112959424554495e-29
0	1.645855218605774e-12
0	4.374671636821717e-40
0	6.717632507306697e-22
1	1.4831973418618933e-36
0	2.4055011999765502e-22
0	1.706992972536417e-14
0	7.219592681693423e-16
0	4.141168696021304e-16
0	9.023900451954569e-19
0	1.9120260930094446e-10
0	1.2306424325772558e-12
0	3.6535918734870165e-09
0	1.0465129630932157e-11
0	1.1418699763510176e-08
0	3.3050510245269393e-11
0	3.2913704385489286e-21
