label	pred(score)
0	1.0866287425415067e-08
0	1.0362456670520714e-08
0	2.4122613254547042e-17
0	5.669783219308666e-12
0	1.2128559951407104e-15
0	6.320839108586387e-17
0	2.707375813880246e-14
1	9.21419380682173e-15
0	6.27123540652974e-07
0	4.235338565194979e-05
0	1.2250144232339721e-09
0	1.101864715259888e-15
0	3.001978399197469e-08
0	8.652590448712938e-17
0	9.292254386279022e-19
0	1.1044096681015608e-13
0	3.476592246443033e-05
0	6.184519563134927e-09
0	1.4556457074934204e-16
0	4.738703361098467e-22
0	1.9211092646992368e-26
0	3.168764110953598e-18
0	1.186055268755093e-12
0	3.879870058044743e-13
0	2.8059686193494804e-13
0	4.3896128398834833e-10
0	2.008390689160709e-16
0	6.308753519590482e-11
0	9.31587977332643e-14
0	2.194377088926558e-07
0	6.795640303735792e-14
0	3.022387470527133e-18
1	9.104102194346098e-11
0	2.1453699927675984e-10
0	1.516953923585973e-11
0	1.8227915010715634e-10
0	3.655505451711778e-22
0	3.449044435471782e-13
0	2.3174656096046353e-13
0	0.00047813975834287703
0	1.324418937888507e-18
0	1.0025929964721658e-16
0	5.526369140085308e-09
0	1.0518605063835566e-14
0	1.6276441305862477e-10
0	4.252655953079776e-12
0	2.7683110602083616e-05
0	1.0704134852645517e-18
1	7.15675213319375e-14
0	8.152136604655524e-11
0	2.707375813880246e-14
0	6.978986138994614e-11
0	1.6085887466488202e-07
0	3.478177677882989e-17
0	9.420969107625286e-17
0	2.3691183563545604e-12
0	5.0368601559849697e-23
0	9.53293108514608e-13
0	1.3520894473484368e-11
0	9.027582500986675e-12
1	5.794464978366512e-14
0	7.0917360872613244e-09
0	3.2059982913779095e-05
0	2.2911519921734678e-17
0	3.7032626964972337e-10
0	2.2191432719198545e-11
0	1.7353142306355401e-13
0	4.8871205693412634e-11
1	1.6786623356649852e-16
0	1.1341881210255589e-12
0	1.150665607241308e-08
0	4.1761167460294243e-16
0	1.1462284141153698e-18
0	3.988037497236078e-18
0	2.723078429411885e-10
0	4.5822952162324425e-18
0	3.988293202639159e-12
0	5.962589796904005e-12
0	1.3987062175147003e-06
0	1.6564508553869317e-14
0	1.5819098649159647e-16
1	6.092261027254575e-13
0	1.0631988159618642e-17
1	3.369475380134157e-13
0	9.076108245829068e-17
0	1.1013063934927052e-14
0	5.867649921498241e-09
0	8.055359757008773e-08
0	2.1977226699045424e-16
0	1.1200323014290718e-15
0	5.207738629880695e-24
0	6.481301606520162e-11
0	2.845549614530188e-17
0	1.292519368444045e-12
0	2.084722655126825e-05
0	5.806439773436978e-09
0	8.248175905299637e-13
0	3.518396338164642e-11
0	7.786464095715928e-08
0	2.1392005680087017e-17
0	2.452433872299209e-12
1	3.9796194117869277e-10
0	2.6952457091525012e-15
0	6.838137217248961e-16
0	2.3899485168676904e-10
0	2.169754393516188e-12
0	3.681890729800852e-12
0	4.1508424859363106e-26
0	5.4019319535103874e-14
0	1.8745099167642738e-19
0	2.310752478251743e-09
0	2.39866231074821e-17
0	4.798657131377393e-12
0	9.435459819061645e-14
0	2.258266018628774e-09
0	1.0237354963749112e-08
1	3.313905897448137e-23
0	8.030002010550596e-12
0	2.191250577181356e-17
0	8.66286641420101e-16
0	1.2293808332453082e-11
0	4.2373837771947365e-09
0	3.036698444702779e-06
0	9.189176530810528e-09
0	0.00024135818239301443
0	4.057106206545313e-09
0	1.4468213447187047e-16
0	6.083845960347389e-07
0	2.7961224373200533e-13
0	9.503212019396079e-13
0	1.556833004526248e-15
0	1.9206199673195423e-13
0	9.732031153175669e-12
0	3.181159981523273e-22
0	5.202901429473188e-21
0	4.998730162436571e-12
0	0.00026678520953282714
0	4.092200215871818e-18
0	1.926722235575217e-20
0	3.186817996991831e-12
0	5.927845454084535e-12
0	2.1732759689085945e-11
0	1.1067650973212856e-13
1	4.75708526254592e-15
0	2.910213099693339e-14
1	2.4072759844534497e-12
0	7.691881478422147e-07
0	0.00036779040237888694
0	3.9065056528161946e-13
0	1.2412909811132522e-08
0	1.638045147080451e-15
0	1.9250630600708973e-07
0	4.625148463006934e-13
0	2.738253670031554e-06
0	1.1535455504164373e-17
0	2.774562467256457e-14
0	2.364587171899135e-11
0	7.0711951918878135e-12
0	4.138908044494421e-17
0	4.2948210634587147e-13
0	2.0176516709499546e-16
0	4.155258494058234e-13
0	7.230341000398488e-16
1	4.481979549189564e-15
0	1.0314007425904492e-08
0	3.877278747089867e-14
0	3.5400647691030684e-11
0	2.4944154149683683e-16
0	3.6929392420646215e-16
0	2.00884119294642e-06
0	6.801484831071847e-15
0	6.145321751471755e-11
1	2.461344739135285e-10
1	3.739352730046776e-15
0	0.002971444744616747
0	3.70828610264033e-15
0	4.1104574605155264e-11
0	2.4004583210057717e-08
0	3.699997339762229e-12
0	1.1228007015622304e-14
0	6.072562896974887e-09
0	2.1007689945257146e-12
0	1.1017568353208263e-20
0	7.248267605694178e-15
0	3.858102639447969e-12
0	5.349681559555169e-21
0	2.01759881080009e-15
0	3.313905897448137e-23
0	3.575752888229644e-11
0	1.7041813737229483e-15
0	5.373300762667732e-11
0	2.1655164640643765e-12
0	3.699997339762229e-12
1	2.3030884924862827e-12
0	1.2292482298986024e-13
0	4.870719383376354e-09
1	3.2813963318812683e-18
0	6.302595130633273e-15
0	8.50076641565646e-14
0	2.2787544420865835e-12
0	1.692206964831744e-11
0	5.001078370869827e-11
0	1.204397475848551e-12
0	1.0626552011672175e-06
0	3.364147068557477e-12
0	3.5188222682336345e-06
0	6.324687011302115e-28
0	1.3871057262804243e-06
0	7.371134103095756e-08
0	2.227262029919075e-06
0	9.297928954765666e-06
0	1.1583433051718522e-13
0	7.780140247326539e-12
1	8.620041222481221e-17
0	0.00013321253936737776
0	0.00012827235332224518
0	1.5373041834712672e-16
0	7.082128286595157e-12
0	1.4058513034265196e-11
0	3.631487611837116e-30
0	3.083976154292473e-17
0	3.956967132429101e-13
0	1.7335585007424714e-12
0	2.475467920926011e-11
0	3.019295154605556e-13
0	3.899038036880853e-10
0	1.3220026202215296e-12
1	8.48074543669539e-15
0	3.5615605144180985e-15
0	3.123399108795333e-11
0	1.1115292849550942e-13
0	4.754523885708295e-09
0	2.351632129840895e-16
0	1.0549822886623096e-15
0	1.5290673241463715e-11
0	3.239668533439044e-10
0	1.5767777708508568e-11
0	4.141431989013178e-11
0	0.00016458907339256257
0	2.646876316216018e-13
0	1.253006639417853e-11
0	4.437664851014305e-21
0	1.5188766921905355e-18
0	9.349291496150644e-14
0	3.4819551213670363e-13
0	3.187529529213862e-08
1	1.0070936928025117e-15
0	7.148536623757806e-11
0	1.215554740197078e-10
0	8.557436359524218e-08
1	9.590821712862434e-16
0	4.9916935683643957e-14
0	4.272622255996339e-09
0	3.80341730332745e-10
0	6.158545054692487e-30
0	6.396921837723002e-13
0	2.3729230386182465e-11
0	1.489285494926662e-07
0	1.012208112466384e-12
0	5.229346129453916e-07
0	4.441586801042646e-13
0	6.275258784826931e-11
0	5.559610931349379e-12
0	8.515776429757892e-18
0	2.721301077884754e-15
0	1.5140405807392443e-18
0	4.347893600709085e-09
0	2.4534964282452165e-08
0	3.084375255202332e-10
0	2.8634026031336413e-13
0	1.3472948312553967e-09
0	4.971408884557604e-07
0	1.769343005442181e-11
0	2.74858167977521e-16
0	2.4820487868780147e-15
0	2.0591457428054127e-09
0	6.689423724860207e-23
0	4.928055644224001e-14
0	1.3487936198193828e-28
0	1.1271123321978153e-16
1	3.36254672559818e-25
0	1.760444979896636e-12
0	2.9096948850337867e-08
0	2.780947139235934e-10
0	2.62543537122217e-14
0	8.936611867182975e-12
0	7.671728703695369e-12
0	1.552459549802876e-11
0	3.6184913398962237e-10
0	6.346081993235941e-11
0	8.484714597578602e-10
0	1.4318481955655216e-09
0	1.026404561692252e-15
