label	pred(score)
0	1.8214377488917632e-12
0	6.673043736506179e-13
0	9.41348701083056e-19
0	0.9999960660934448
0	7.455517801433953e-20
0	1.6664347659123662e-27
0	5.200657841936229e-29
1	7.537167903137743e-07
0	1.3506860074841143e-09
0	4.294955147088331e-08
0	4.814469135860922e-13
0	2.7292894428225892e-27
0	5.273630449664779e-06
0	1.4266139179240753e-17
0	5.080179545129492e-31
0	1.3878714800671932e-13
0	8.291031008411665e-06
0	9.60652755566116e-07
0	2.0563964230606366e-22
0	7.917353180471905e-31
0	1.8216880036222622e-44
0	1.7068523317252768e-26
0	8.615147224930663e-16
0	3.251659497216508e-10
0	4.1153702459974e-25
0	2.116320230172164e-09
0	1.2011148811240812e-23
0	3.5911191690685476e-14
0	5.326238632935918e-23
0	5.134919399407689e-12
0	2.5345839574576255e-25
0	9.107662309844182e-26
1	5.740880318870489e-14
0	3.35841467927638e-20
0	1.1645681456690127e-17
0	5.975228593680528e-19
0	9.000048986641843e-25
0	4.3006575948037473e-13
0	8.526126073877486e-15
0	7.027738320175558e-05
0	3.2141676888461477e-22
0	2.0301459846559146e-21
0	1.9245690054958686e-06
0	1.776857109549326e-19
0	1.4663273037423254e-19
0	3.161061611884657e-18
0	1.0988699017389081e-07
0	8.473328532378036e-25
1	4.53498475344637e-15
0	1.7155869626981225e-18
0	5.200657841936229e-29
0	9.009499812862032e-09
0	2.717141569519299e-07
0	2.5164514965130548e-26
0	2.029835287055228e-22
0	1.7109574933053817e-13
0	3.0892179560232465e-38
0	4.83940414711712e-19
0	1.8149471740949562e-18
0	4.763561094125475e-18
1	1.2735242005922076e-13
0	1.1585120418544648e-08
0	1.8319151706691628e-07
0	2.065008833687062e-25
0	6.161244072340488e-16
0	1.1590061832302061e-17
0	4.4518589148965455e-20
0	4.177285115509448e-21
1	6.773840197333564e-20
0	9.02714340050779e-25
0	2.1160699859024135e-09
0	3.592530740868248e-25
0	3.839450430011711e-30
0	5.1571320984055e-23
0	1.5222548961578409e-15
0	4.6111742553094634e-26
0	3.241745966885937e-17
0	6.580704639541913e-19
0	1.3385093033946305e-09
0	1.3695139711117848e-17
0	1.7677579959344813e-33
1	6.595934585582663e-19
0	4.376242457693952e-19
1	5.459313209832395e-11
0	9.32118584869532e-27
0	1.5945708526719208e-18
0	1.4476394426310435e-05
0	3.6672900272094466e-09
0	2.2510672495135807e-24
0	2.5911430163868695e-22
0	5.11776548200371e-36
0	8.712706626910841e-17
0	4.524895367140035e-29
0	4.6589500435977316e-18
0	0.0011393956374377012
0	8.676677948150482e-19
0	2.0162492275804016e-18
0	3.831219196059887e-12
0	2.375053487213563e-09
0	1.2197160086465268e-26
0	9.773553561596064e-19
1	7.375170696377609e-08
0	8.769282885677325e-19
0	5.9265067508723594e-21
0	1.1979937697597292e-16
0	3.650450794538227e-20
0	6.705079061496049e-17
0	6.450316961133565e-41
0	6.666161206292164e-17
0	2.2460162125804958e-23
0	1.6231077246131598e-11
0	2.2429544284150534e-35
0	5.685367199248503e-08
0	3.504140234856712e-21
0	6.801421231772409e-11
0	7.778302707603293e-15
1	6.729697811617903e-34
0	9.688202253247888e-14
0	4.737828092313993e-25
0	2.349342349148741e-19
0	1.7756056228199896e-13
0	5.561463483461066e-17
0	4.988527368965379e-09
0	1.1149155210166128e-10
0	0.00551595026627183
0	1.1463301862820352e-16
0	1.4677823661385944e-19
0	1.183239506374889e-09
0	3.3289064512517926e-16
0	2.9018348918366906e-20
0	2.632619656745655e-30
0	1.2823787240264182e-18
0	5.6037883741159044e-21
0	2.019897401588535e-34
0	5.621151709686347e-36
0	5.4144860817118e-10
0	5.935105582466349e-05
0	4.793175482463233e-28
0	1.9065123575760592e-29
0	1.4586258870392162e-15
0	2.9183658378846214e-19
0	7.320731062573547e-17
0	5.722178886432926e-24
1	1.4041309270851343e-07
0	2.281226197054107e-18
1	1.0507312034335747e-11
0	1.4986941465622294e-08
0	9.449117351323366e-05
0	5.895082356411592e-26
0	1.770515971246528e-13
0	2.3121826820532692e-15
0	2.5263409042963758e-05
0	2.031128256308346e-15
0	3.2570413033283785e-10
0	3.231586336079214e-16
0	6.6957975159967756e-18
0	4.191337812286298e-18
0	1.4666021861996344e-18
0	1.0152740299948282e-32
0	4.231044665962649e-20
0	2.3062713017874492e-23
0	6.162397744767809e-23
0	4.490238699451722e-18
1	0.9939694404602051
0	4.2252532310611823e-13
0	9.966509983086309e-19
0	1.9867042634308347e-16
0	6.018595621401023e-21
0	3.017995585949969e-27
0	2.0328392565716058e-05
0	2.5220413759315035e-21
0	1.6710308267317564e-12
1	0.04956759884953499
1	7.294248709826539e-17
0	0.013129721395671368
0	2.91397978538798e-21
0	1.317386107699877e-16
0	5.574207545197551e-13
0	6.022758908665708e-19
0	1.4356237756202837e-14
0	3.220303221947076e-15
0	2.2625297631511526e-13
0	3.284378529845092e-32
0	1.5959152232174743e-26
0	1.8108835963962303e-15
0	7.65897965456885e-27
0	1.017030060944462e-17
0	6.729697811617903e-34
0	0.00018021125288214535
0	3.7922663869164684e-19
0	2.924912498872078e-16
0	4.316178980244967e-25
0	6.022758908665708e-19
1	7.172381076916718e-15
0	1.4659920846704644e-11
0	3.5757802968605645e-11
1	2.568540235466921e-20
0	2.3692373272724127e-22
0	6.043344119129302e-23
0	2.4209268695518097e-17
0	1.8889692471796895e-24
0	6.264341166698689e-22
0	4.5808621258211944e-18
0	3.855956179354969e-11
0	5.337334305637424e-19
0	9.16842145670671e-06
0	0.0
0	3.219952304789331e-08
0	1.1459640033510254e-14
0	4.3289607454255474e-09
0	2.4599346559739388e-08
0	5.1008919653695e-19
0	2.1126656065747357e-17
1	1.1743399953677938e-21
0	1.811008587537799e-05
0	3.882182681991253e-07
0	8.394623705683648e-20
0	0.0005155380349606276
0	1.8113661934179284e-16
0	1.1210387714598537e-44
0	4.374607812082908e-26
0	5.731650140418715e-20
0	1.6333907778903841e-22
0	1.2169905958903191e-14
0	5.49086527254089e-17
0	2.9941427115431907e-09
0	3.267057569552968e-18
1	5.525635991486051e-26
0	2.1719936073112632e-24
0	3.59139176731027e-11
0	1.3357117853256657e-20
0	1.1887510073527174e-11
0	3.9394330260253934e-22
0	6.123750423628072e-17
0	2.4661428454919587e-10
0	1.1817170575412206e-09
0	6.475793208962632e-14
0	9.412407485365204e-12
0	8.012956823222339e-05
0	2.566165723045708e-16
0	6.843180536120208e-14
0	2.499239807267456e-27
0	3.7931748130808473e-41
0	6.8661354678039785e-15
0	2.922421679651954e-11
0	9.352462554401697e-11
1	2.4548749564270512e-21
0	1.104037954807735e-11
0	1.2303864272451018e-16
0	5.660207003620188e-13
1	5.725079859075777e-07
0	3.030062620937071e-19
0	2.7789548440182443e-09
0	1.480057465474971e-10
0	1.7223326870050403e-35
0	7.034604669609035e-12
0	1.013754124625009e-15
0	3.2581488618177445e-09
0	1.999965082433164e-09
0	0.0003549426910467446
0	5.80641292137976e-18
0	1.9512376159269706e-09
0	2.0799344833263186e-18
0	5.221707278217082e-30
0	3.5721698800151444e-17
0	3.2848805098583898e-24
0	2.1710106653497104e-14
0	1.1168368985181587e-07
0	8.346123271663064e-12
0	0.0005060395924374461
0	5.621649989961952e-08
0	1.5305000322651807e-11
0	5.094546451367421e-10
0	1.55352658366228e-25
0	3.472980667530441e-17
0	4.8707956071258884e-12
0	1.838757179167544e-28
0	5.3171737846025025e-12
0	2.1164651485776307e-39
0	1.1169398000877225e-21
1	1.447298720857392e-35
0	4.801644616351007e-22
0	2.449673154754882e-14
0	1.0137735005036775e-15
0	5.945611189188816e-16
0	1.2135390990885301e-18
0	2.606216908951353e-10
0	1.9298636039916106e-12
0	4.39316671929646e-09
0	1.6148351753009216e-11
0	1.361462054205731e-08
0	4.2943832517794434e-11
0	7.550651649813221e-21
