label	pred(score)
0	1.981609727653641e-13
0	1.879026041750123e-13
0	2.142435550206997e-31
0	3.394444831452206e-17
0	7.59979031151447e-25
0	1.9143792430224684e-33
0	3.4534063559878654e-22
1	2.601799265038957e-23
0	3.3484502063446664e-12
0	4.994030078364631e-09
0	4.059586241250473e-15
0	5.498049895409022e-26
0	1.7505306015505595e-12
0	7.592944139007678e-27
0	3.1454530473766346e-30
0	2.2429886035537585e-20
0	2.9255474487399624e-07
0	6.888014328831557e-15
0	7.916501694704536e-25
0	8.05994501079915e-37
0	3.745118963804985e-38
0	7.855216508462354e-27
0	1.9525998714730694e-17
0	3.5872538726217486e-20
0	1.140709852809328e-19
0	6.551837116461692e-15
0	1.1158904904437555e-24
0	4.313398485990032e-17
0	1.508809587480687e-20
0	2.170467451600988e-11
0	6.447559047050092e-21
0	9.061666018317162e-28
1	1.1303971491283246e-17
0	4.676203376814363e-18
0	1.7023075085417728e-18
0	4.489660549834385e-16
0	4.026035090787718e-34
0	2.470896281669467e-19
0	8.678285828933746e-22
0	3.684607008835883e-06
0	5.238723170202297e-31
0	3.0182242419826163e-28
0	4.893570357961119e-13
0	3.4849289853250073e-22
0	2.2637101628554578e-15
0	4.19886895572147e-21
0	1.3200140980274e-09
0	2.614678699983066e-27
1	5.179551146678646e-22
0	2.2253151982952697e-18
0	3.4534063559878654e-22
0	8.550419084683858e-16
0	5.101729802503563e-11
0	1.0981821061766153e-27
0	4.967377617788607e-26
0	7.40046544200034e-19
0	3.725954637851063e-37
0	3.754934237512303e-22
0	1.7106733651029503e-17
0	7.694628610848336e-17
1	5.278420172558045e-24
0	5.27990667122547e-18
0	2.783072439171974e-08
0	1.4548493096235651e-27
0	2.277866751557861e-13
0	5.25780958159923e-21
0	3.527880076098914e-21
0	1.5841631578441184e-15
1	5.522012161702692e-26
0	2.2180338892544834e-19
0	1.5008644555034728e-13
0	3.225830351449974e-26
0	3.72467869748443e-28
0	2.997355009549982e-27
0	4.100502114828033e-16
0	1.5086768608238766e-28
0	1.7405630092099135e-19
0	8.722674360087258e-19
0	1.8523536871040136e-11
0	2.2397457465715112e-22
0	3.2173507130164305e-26
1	3.9610458054419513e-20
0	8.216841681513389e-30
1	7.775079644048209e-20
0	2.8836214800370645e-24
0	2.292643512555235e-20
0	2.9923465388084465e-15
0	1.2568381665273298e-12
0	3.6653700892923135e-26
0	4.0569203367821476e-24
0	5.1937202532420994e-36
0	2.035252420023858e-17
0	8.97508942760065e-25
0	4.617932741960641e-19
0	2.1842252451165223e-08
0	4.809537777804643e-14
0	7.840899956352702e-21
0	1.0662902711523832e-16
0	3.1967088481507644e-13
0	2.0329297972725297e-27
0	5.751998137252666e-20
1	5.679751369847333e-16
0	6.052932807248735e-26
0	2.406471664550762e-24
0	2.7500708695756015e-16
0	6.933283299370995e-21
0	7.979985594215577e-19
0	1.4534267671977003e-41
0	3.861715916924303e-24
0	4.441842384243139e-31
0	5.622023956909584e-16
0	2.9347715458674576e-30
0	2.5468813512325295e-19
0	1.5770194339355638e-21
0	6.720219643079322e-15
0	1.6174675404180918e-15
1	6.630457241838835e-38
0	3.4885539969229766e-18
0	1.7942654289279038e-28
0	2.2005274193833655e-21
0	8.33585223881842e-18
0	9.733571116672017e-16
0	6.070440816685618e-10
0	6.918354371375848e-14
0	2.957710591999785e-07
0	4.521203019174774e-14
0	2.5596212251355533e-19
0	3.41356942712423e-11
0	3.3247115929588193e-20
0	1.253427712779792e-18
0	1.3118743048759585e-24
0	9.877844887026114e-23
0	1.155645865389286e-18
0	8.183729222287378e-34
0	9.507126246793293e-36
0	4.647995070360232e-19
0	3.648925030574901e-06
0	1.026648373587834e-28
0	1.1902974435916606e-35
0	5.928793776019098e-20
0	1.2551585300504223e-20
0	5.890739590432537e-20
0	8.696123930375838e-20
1	2.3893533705815146e-27
0	4.18059676621134e-23
1	1.5772985976987776e-18
0	2.711805224819841e-10
0	2.6537788926361827e-06
0	7.73047336406079e-22
0	2.3533441634217972e-14
0	1.7013804905008485e-24
0	4.153295762865383e-12
0	2.4109421339363955e-20
0	7.15932628736482e-08
0	1.965353537755848e-27
0	4.1692140460853036e-21
0	8.068974821887374e-18
0	2.0696997259084117e-19
0	1.084899988093047e-26
0	2.986069020058438e-19
0	5.624719386372139e-26
0	1.0996154553542083e-20
0	4.310406194748173e-24
1	1.3975769030370292e-22
0	3.2303464916026703e-13
0	1.5197950599740481e-22
0	5.417460189648138e-18
0	1.8246594326414227e-25
0	4.5952428472536955e-28
0	5.798797206302275e-11
0	8.499069063715398e-24
0	5.206128529876457e-17
1	2.863892594752969e-14
1	6.695722680580784e-25
0	3.5348024539416656e-05
0	2.137010409265985e-21
0	8.691991377394553e-17
0	9.73521935808408e-13
0	8.566390264040342e-22
0	5.486621754249784e-22
0	3.658531810835086e-15
0	1.5247143965790063e-21
0	1.5910564281205213e-36
0	3.165281577177173e-20
0	5.2053313759201395e-18
0	9.128724542057614e-37
0	1.9083436710119175e-24
0	6.630457241838835e-38
0	2.980755470297339e-18
0	2.751486686766866e-24
0	5.591012492523828e-16
0	5.57668846541467e-27
0	8.566390264040342e-22
1	9.110187603682582e-21
0	2.287817478631614e-23
0	2.6049493711730563e-14
1	5.088719182449798e-29
0	4.715708886126616e-23
0	4.975089507206906e-21
0	1.6260510978883987e-19
0	8.828803080243884e-17
0	3.841747875260896e-24
0	4.2260580754945324e-21
0	7.187405531849933e-11
0	5.897166880727302e-21
0	2.4523301167533873e-09
0	2.802596928649634e-45
0	7.521611805616502e-11
0	1.4298026304593314e-11
0	9.055632355092769e-10
0	1.0729781507734515e-08
0	1.1404346779307479e-21
0	1.0478499833875753e-17
1	6.514073159049739e-25
0	2.856575633813918e-07
0	3.242218582499845e-08
0	8.017946495406596e-26
0	1.45929218433135e-17
0	5.320058845339407e-18
0	8.407790785948902e-45
0	5.824355352543091e-27
0	1.064633349092423e-21
0	1.7311979433488137e-21
0	1.0998551438613927e-19
0	2.160641299350845e-22
0	5.147421338046751e-16
0	5.731412455239577e-19
1	2.471225615482388e-27
0	1.327773796420688e-24
0	4.909675518297761e-18
0	3.293274384320394e-24
0	1.3433353008521914e-13
0	5.812696711550619e-29
0	2.4388169338170867e-24
0	1.4581863828187097e-15
0	1.686956111707585e-16
0	5.120524063232681e-19
0	1.5918306721362317e-17
0	1.236958269146271e-05
0	1.5426318968712089e-24
0	4.1376906000688655e-18
0	1.1495235616804179e-29
0	1.530639053421815e-31
0	9.589348504191477e-18
0	1.2309378900771741e-20
0	3.304415457081912e-14
1	1.2616826769509058e-27
0	2.2075871626687067e-16
0	1.0861756186319028e-18
0	2.569815020503352e-12
1	3.3698882164717884e-27
0	8.953281604534087e-23
0	2.8463735817114977e-14
0	9.35535978841554e-17
0	0.0
0	6.710391566941625e-20
0	1.870963219828504e-15
0	4.876389006133741e-13
0	7.288559795843221e-21
0	3.699728891304321e-12
0	9.069349890711295e-19
0	1.5972746786196882e-17
0	3.241103082113861e-17
0	2.234953261758341e-26
0	2.6681361562808024e-23
0	1.518786999974282e-29
0	2.8873580501347085e-13
0	7.281693558671906e-14
0	2.1853591917179614e-15
0	2.507546126217827e-21
0	7.261666311667025e-14
0	2.2882329711593208e-11
0	1.6379614388840025e-18
0	1.0531027306368182e-26
0	1.0769059705838647e-24
0	2.1126699836174906e-13
0	1.0186646699813781e-32
0	4.821693305473565e-20
0	0.0
0	6.129401778653432e-26
1	7.830490010329607e-38
0	2.3659805701823623e-19
0	3.3074880182761e-13
0	3.2579756475509215e-16
0	1.0939081918553409e-21
0	4.3634899175877985e-19
0	7.02015726465778e-19
0	2.8742073695701492e-18
0	3.9268119209442303e-16
0	7.185436739839883e-17
0	1.3367378459293224e-14
0	6.140786426719284e-15
0	2.5579651044350842e-24
