label	pred(score)
0	8.396784600961382e-09
0	7.467912510605856e-09
0	1.2113519921899093e-17
0	3.6100842367575714e-12
0	8.7624076085799675e-16
0	6.929146407568903e-17
0	1.5625455641291204e-14
1	6.5709597322789054e-15
0	3.4585104913276155e-07
0	3.0172794140526094e-05
0	9.031345671317581e-10
0	1.056206463029329e-15
0	2.053393188816699e-08
0	4.039623540803151e-17
0	8.987039215907675e-19
0	7.500598043054876e-14
0	2.9883653041906655e-05
0	4.189223190564917e-09
0	9.881455922422126e-17
0	1.6639680363187092e-22
0	7.574140129402659e-27
0	1.4982807221185777e-18
0	7.408566490320345e-13
0	2.5500730541951067e-13
0	1.7171102051089654e-13
0	3.22183502099449e-10
0	9.646220976335316e-17
0	4.158513464136426e-11
0	5.159575837323377e-14
0	1.6645853406771494e-07
0	3.5501885041781464e-14
0	1.5118416244783486e-18
1	9.816207569013358e-11
0	1.2757384038053488e-10
0	1.7687457401494022e-11
0	1.8626716835612456e-10
0	2.5556268576031367e-22
0	1.9802380763801752e-13
0	1.3308085644765655e-13
0	0.00037924767821095884
0	5.594481493625432e-19
0	8.469873530589364e-17
0	4.145956911116855e-09
0	9.417277579222474e-15
0	2.1157943452809747e-10
0	2.2440762355996346e-12
0	2.0382107322802767e-05
0	4.82789858178439e-19
1	4.593645681395288e-14
0	1.1383242959350781e-10
0	1.5625455641291204e-14
0	4.861127125832532e-11
0	1.3672853071966529e-07
0	2.086698752785471e-17
0	4.191963739855817e-17
0	1.2141562711828757e-12
0	1.673451974556766e-23
0	6.681169289687872e-13
0	8.324501678258489e-12
0	2.2010591266274915e-11
1	3.3046109522861383e-14
0	4.840241096815134e-09
0	2.3127497115638107e-05
0	1.0522522386075825e-17
0	2.849470381871555e-10
0	1.3381301275372515e-11
0	9.61405502192432e-14
0	3.32649671697105e-11
1	9.689444141191417e-17
0	7.229193914499998e-13
0	8.817900187807481e-09
0	2.1675824583143762e-16
0	4.819250408480149e-19
0	1.769910498463894e-18
0	1.239401775654514e-10
0	3.20785377157071e-18
0	3.1763801658368784e-12
0	3.7576040369524666e-12
0	8.921418839236139e-07
0	8.170301932296058e-15
0	6.46002978287742e-17
1	3.092770993733812e-13
0	4.912822940528525e-18
1	2.2955614731139107e-13
0	3.3802699336032524e-17
0	6.120510575544384e-15
0	4.56483428834531e-09
0	1.712670183451337e-07
0	1.025402204078295e-16
0	4.6205652566678e-16
0	1.3583694708068455e-24
0	3.738632667338315e-11
0	1.3609469442256343e-17
0	8.562966416665596e-13
0	1.5565612557111308e-05
0	3.3163574109096317e-09
0	1.0967921449528406e-12
0	2.16167569955239e-11
0	6.562928689390901e-08
0	8.108779580144038e-18
0	1.7843011139787035e-12
1	3.034593687445408e-10
0	2.8884676887066e-15
0	2.760855451878721e-16
0	1.5323380064824477e-10
0	1.2244004638298223e-12
0	2.307621758609879e-12
0	2.2706943615174882e-26
0	6.958120874183543e-14
0	1.3476374840925642e-19
0	3.71012265354409e-09
0	1.2383907893349814e-17
0	5.592101001011818e-12
0	5.941400122539894e-14
0	1.2890303269230685e-09
0	6.44565556484622e-09
1	7.384883498903051e-23
0	4.6228489786193094e-12
0	1.0050969052735883e-17
0	4.0111716379304303e-16
0	7.482714968476412e-12
0	5.480267795121563e-09
0	1.7916354408953339e-06
0	7.41364214462692e-09
0	0.0002150355139747262
0	2.844747326591346e-09
0	9.836325609945723e-17
0	4.717337276360922e-07
0	1.8772205740823916e-13
0	4.955165509683279e-13
0	9.43125764625867e-16
0	1.1937621572678803e-13
0	5.8116384968331936e-12
0	8.432129167197602e-23
0	2.3749666031459795e-21
0	2.88893496798448e-12
0	0.00022411617101170123
0	2.821466126918615e-18
0	5.872207513537082e-20
0	1.6311947452496423e-12
0	3.1837499216841314e-12
0	2.1647742626251798e-11
0	6.734003410229991e-14
1	3.494006460501016e-15
0	2.5631354203252583e-14
1	1.5482655305390502e-12
0	4.7574019390594913e-07
0	0.00027799117378890514
0	2.437621502218712e-13
0	8.575602450378028e-09
0	8.812959064267696e-16
0	1.8340827523388725e-07
0	2.9750832873653987e-13
0	1.842200731516641e-06
0	9.858370800450873e-18
0	1.734936081246568e-14
0	1.627466390818899e-11
0	4.990736990340139e-12
0	1.814525891008983e-17
0	3.099515002297215e-13
0	1.2015728810085727e-16
0	2.0384422502826155e-13
0	3.4618053912804003e-16
1	1.8657684514662883e-14
0	5.777143208263169e-09
0	2.8404731502009242e-14
0	2.020938277835782e-11
0	1.3231476522768804e-16
0	1.5981165168726957e-16
0	9.302391958954104e-07
0	8.447617131095327e-15
0	4.1439050108005304e-11
1	1.2434270280081705e-10
1	1.976093349351682e-15
0	0.0023040147498250008
0	2.05098249683375e-15
0	3.2608436784098416e-11
0	1.709953778572526e-08
0	1.8644682152346714e-12
0	9.015523076076181e-15
0	3.961332595281419e-09
0	1.1721568811060012e-12
0	4.41933561108351e-21
0	4.376752222635689e-15
0	3.826676822638042e-12
0	2.5029887568615077e-20
0	1.5078755589661335e-15
0	7.384883498903051e-23
0	3.362057507394489e-11
0	8.554954416720812e-16
0	3.146653770880192e-11
0	1.569339168165651e-12
0	1.8644682152346714e-12
1	1.153887423978317e-12
0	1.1252114691384651e-12
0	2.75223732693064e-09
1	2.1950728547148716e-18
0	4.588546881865996e-15
0	6.613385918540979e-14
0	1.2786725888183637e-12
0	1.1729447274566596e-11
0	3.3159999052179145e-11
0	9.512207644821191e-13
0	7.794702128194331e-07
0	2.3505921601524316e-12
0	2.192503870901419e-06
0	1.384746037426853e-28
0	1.084326527234225e-06
0	5.232233846186318e-08
0	1.4569260429198039e-06
0	6.388033398252446e-06
0	6.657670156276149e-14
0	4.226480710550762e-12
1	3.986533765600518e-17
0	0.00011203211033716798
0	8.679164602654055e-05
0	1.0413195413439794e-16
0	5.9331844992627225e-12
0	7.014467132138158e-12
0	9.243480079385964e-31
0	1.2292223194254437e-17
0	9.44574605164783e-13
0	1.0866679734863882e-12
0	2.6397951533030373e-11
0	1.4609940048124909e-13
0	2.5194496489078233e-10
0	6.954980211540396e-13
1	1.2561682413930828e-14
0	3.262043946796584e-15
0	4.7852329737585464e-11
0	7.827121112705115e-14
0	3.417194971433446e-09
0	1.651483827714453e-16
0	4.985246821778667e-16
0	1.0693031529673824e-11
0	2.020083822440455e-10
0	1.3792883502006248e-11
0	3.819874971888737e-11
0	0.00012415606761351228
0	1.1216539714175786e-13
0	8.457787421811691e-12
0	1.6651371912891192e-21
0	6.49260887032925e-19
0	5.786965687464701e-14
0	7.263470424082041e-13
0	2.6879346748387434e-08
1	8.523064685047872e-16
0	4.800490560619153e-11
0	7.938089074954746e-11
0	5.427168048299791e-08
1	8.837467433200907e-16
0	2.803837958792639e-14
0	3.229773781754375e-09
0	2.823813960439736e-10
0	4.763386356650683e-30
0	4.004358964641158e-13
0	1.371164813634973e-11
0	8.992061140133956e-08
0	6.927125431425984e-13
0	4.7263660007956787e-07
0	3.900155209641404e-13
0	4.1069463802001493e-11
0	3.683745149196671e-12
0	1.2485607268121371e-17
0	1.4572633286644393e-15
0	8.751804559334079e-19
0	2.6496445038048932e-09
0	1.5572602762858878e-08
0	2.243406571622586e-10
0	3.9445936751356103e-13
0	7.875627372477823e-10
0	2.7621842946246034e-07
0	2.462832195126996e-11
0	1.7644921842102635e-16
0	1.0719270768930135e-15
0	1.4100689504914499e-09
0	3.4388519985042825e-23
0	2.3141604192818133e-14
0	7.660023436376335e-29
0	5.066127218585122e-17
1	8.519900538291473e-26
0	2.399281728154845e-12
0	2.5862140873300632e-08
0	3.05515834853054e-10
0	2.117542218774051e-14
0	4.8834282971588205e-12
0	5.858772668398959e-12
0	1.503026002269703e-11
0	2.402150423019833e-10
0	3.90827613327982e-11
0	6.518497963625691e-10
0	1.1370272501309842e-09
0	5.484943321099501e-16
