label	pred(score)
0	2.1465673581585416e-23
0	2.537768439836441e-09
0	5.049438886348046e-39
0	1.0
0	2.9621220432917405e-32
0	0.0
0	4.230474394033082e-30
1	8.990162094309095e-26
0	1.2363569507320605e-16
0	2.7592879644702676e-15
0	2.232892910569717e-07
0	1.105252392015314e-32
0	1.9924506143543467e-15
0	2.252013133181986e-23
0	4.345539774453153e-31
0	4.2046126010908556e-26
0	0.00010036626918008551
0	1.3972257905144462e-21
0	1.818810435580983e-30
0	0.0
0	0.0
0	4.542653944993386e-23
0	5.58887305380083e-26
0	3.6435347083561024e-21
0	1.933368096481047e-30
0	1.1507099387391322e-26
0	1.0846050113874084e-42
0	6.476373975945783e-29
0	4.276412848680166e-28
0	7.230265783872772e-14
0	4.237886094312352e-16
0	0.0
1	0.5442402362823486
0	3.766075543660926e-32
0	1.1992288983190624e-30
0	2.7969078875839104e-12
0	1.2408619960297692e-35
0	1.3679671278566741e-19
0	1.4261390189819996e-34
0	2.4577488147770055e-05
0	0.0
0	9.946556629623984e-41
0	2.19155026570661e-05
0	0.0
0	2.361530377109457e-23
0	4.324924135084364e-28
0	4.894042116010411e-11
0	0.0
1	7.994980829059813e-33
0	1.1896141765944773e-24
0	4.230474394033082e-30
0	1.4559212423894376e-19
0	0.0005897164228372276
0	0.0
0	9.771140450461606e-32
0	1.8290303010164671e-31
0	0.0
0	7.397193697980929e-26
0	2.6065410681890465e-28
0	4.051193305691173e-19
1	5.556102603297734e-23
0	4.418420829210845e-08
0	7.76558450790027e-15
0	1.1404877574105058e-27
0	1.757310963412806e-09
0	7.9146476250582335e-28
0	9.068102476191304e-27
0	4.2122155644117726e-14
1	5.060789403909077e-41
0	1.0621974869593492e-32
0	5.9788064256383056e-12
0	6.05053771964941e-39
0	3.0626755345278876e-31
0	0.0
0	5.16147903753763e-24
0	4.203895392974451e-45
0	1.5793276717413702e-18
0	8.909188492171787e-17
0	3.210219665286928e-16
0	8.508299001363748e-20
0	0.0
1	2.2004025344979156e-20
0	0.0
1	1.883615324491862e-17
0	4.998323937235264e-33
0	2.7605579747198896e-43
0	1.7874262047681486e-14
0	3.1455700079366416e-17
0	2.022353943713576e-41
0	3.810503039858304e-05
0	0.0
0	4.520208590417861e-19
0	2.2436007543504284e-39
0	7.907429031188563e-37
0	5.123305982124293e-06
0	4.6145435692377e-30
0	1.0591801252039028e-30
0	4.80767970267418e-20
0	1.7681235364719328e-09
0	0.0
0	4.455024416020655e-25
1	3.928496894572843e-20
0	3.477751464785586e-33
0	6.755249870593616e-08
0	2.387866460564937e-21
0	3.841054294707782e-34
0	7.017002538918515e-14
0	0.0
0	1.0551777436365873e-42
0	4.251505774720706e-30
0	4.17354956150362e-10
0	0.0
0	1.409174551787681e-19
0	1.1192868945762698e-34
0	5.532426404071704e-19
0	1.9916295543467984e-23
1	1.401298464324817e-45
0	2.52362744437922e-30
0	0.0
0	3.6563411359163255e-30
0	7.71399274355208e-18
0	1.8945500756722609e-29
0	2.3023567325969273e-18
0	4.79709334179715e-19
0	0.0013961137738078833
0	5.547962820529404e-18
0	0.9989726543426514
0	8.773449530080375e-15
0	1.162839305898962e-28
0	1.3488574846193037e-25
0	7.034518290910582e-43
0	5.44692825748424e-25
0	1.9452144074684656e-20
0	0.0
0	0.0
0	2.5426993640200866e-25
0	0.0011680051684379578
0	1.4544357020920141e-40
0	0.0
0	1.684816304728491e-29
0	1.546423161803922e-28
0	4.67015309023964e-21
0	5.014976745252544e-26
1	3.351604232710787e-36
0	1.1070257868166055e-43
1	2.9608584595711823e-16
0	5.873987277485448e-13
0	7.634910481613133e-09
0	5.874156492700134e-35
0	1.043037535919248e-15
0	1.6600379794680234e-36
0	3.6063915119207215e-14
0	2.8569586223900798e-25
0	2.6787983723602915e-12
0	3.279692605286531e-34
0	2.2550856353362063e-20
0	1.9809850916770178e-14
0	4.4226107685375846e-27
0	3.9418525801457104e-42
0	3.0980256307107875e-28
0	2.1146598277400718e-37
0	8.716045955845778e-36
0	6.171318436886494e-42
1	2.3778681389370615e-13
0	1.9554731434306137e-21
0	6.444716838676302e-33
0	4.544101624311505e-34
0	2.2125101453224537e-41
0	9.775542165037783e-39
0	3.2116365122902835e-11
0	1.1909850888458205e-32
0	1.2795362642689656e-12
1	1.439555046110904e-15
1	1.2509895858474799e-36
0	6.387479434266652e-11
0	8.66392374861135e-31
0	2.3734684852894833e-24
0	2.0803472464519826e-18
0	3.699808095823292e-30
0	2.622510677528994e-34
0	1.1154010022520659e-24
0	1.986097181923693e-32
0	0.0
0	1.695022388870244e-35
0	3.8030290905925e-27
0	3.6733637943810755e-41
0	6.064395100523855e-34
0	1.401298464324817e-45
0	6.201613380955203e-31
0	5.740807047848815e-24
0	2.4124877661473906e-20
0	3.783505853677006e-44
0	3.699808095823292e-30
1	1.1545384274680315e-28
0	8.032336570161007e-33
0	2.9050408285508517e-24
1	2.0334226162445024e-23
0	6.550024418449678e-34
0	1.4538673742414193e-27
0	1.7328788744936762e-33
0	1.21126515439156e-23
0	1.6853035477252279e-38
0	4.138897704979102e-22
0	3.757796296355309e-09
0	6.23121634559351e-36
0	5.878173642281936e-11
0	0.0
0	6.327575120901502e-23
0	3.6965387890421086e-13
0	4.207402781730707e-08
0	2.32669203880238e-16
0	4.9605965637098524e-43
0	2.18008589038844e-25
1	1.4828205530180589e-33
0	0.002497247885912657
0	2.099488291551488e-11
0	0.0
0	3.948551148590454e-14
0	2.648893408454002e-34
0	0.0
0	1.480979517992794e-38
0	4.057873918623652e-27
0	1.3935294943906117e-24
0	1.655143441890006e-29
0	3.032135662321067e-32
0	4.047021832237485e-12
0	1.432166796092697e-29
1	0.0
0	9.374686726333026e-43
0	8.355601455237749e-23
0	7.86927075954587e-30
0	2.3113326762188934e-18
0	0.0
0	1.0103030596675607e-22
0	0.9688076376914978
0	6.2506682272319665e-28
0	6.670924798543598e-30
0	1.1568829452973598e-22
0	3.169581646034203e-07
0	4.244306906256948e-32
0	1.2553641100634845e-28
0	4.6804896123775004e-39
0	0.0
0	1.2911484597611692e-21
0	1.258033662052821e-14
0	1.6466283341287635e-05
1	0.0
0	1.9063751770763415e-13
0	2.664979589467524e-33
0	2.4309663606463658e-18
1	2.309189232948318e-27
0	1.3187057803762394e-35
0	1.4373125866638355e-20
0	6.158207045634275e-18
0	0.0
0	1.2917080619101149e-24
0	7.94970914184262e-15
0	7.299164509790092e-20
0	2.1266352394355703e-12
0	2.4519562367109608e-20
0	4.347161492297523e-25
0	8.038266946874345e-22
0	2.8470032603796584e-18
0	1.9702256408406928e-42
0	0.0
0	0.0
0	2.53439842030728e-19
0	9.51109191404953e-11
0	2.0938361965061706e-16
0	0.0020668210927397013
0	7.509344166455045e-14
0	1.3094054691499654e-15
0	2.254694555413915e-31
0	2.6624670822171524e-43
0	2.6293572021020857e-38
0	5.643566908162211e-19
0	0.0
0	7.966264348063941e-20
0	0.0
0	8.736436233531654e-32
1	0.0
0	1.0716067728011392e-25
0	3.7807598827337434e-16
0	1.7348750474405206e-12
0	1.470416419401693e-19
0	0.0
0	1.1058181224271892e-16
0	2.1586629624182954e-23
0	1.2119467755755675e-12
0	2.0648629194566853e-29
0	5.167959438563055e-17
0	5.571793286516295e-21
0	6.620084270086517e-40
