label	pred(score)
0	1.4877658566919694e-12
0	6.654664883379291e-13
0	1.0988324125821533e-18
0	0.9999991655349731
0	8.000067600783804e-20
0	1.4251271068673175e-27
0	4.392376039711949e-29
1	7.400788035738515e-07
0	1.1195359084226197e-09
0	3.950567162291918e-08
0	4.610483544421895e-13
0	2.7068105662906847e-27
0	4.631270257959841e-06
0	1.0893588991422213e-17
0	4.125999277318439e-31
0	1.593340531128723e-13
0	8.109745976980776e-06
0	8.523275027982891e-07
0	2.11820411674681e-22
0	6.7015539495463635e-31
0	9.80908925027372e-45
0	1.4089813813273382e-26
0	8.396049977024722e-16
0	4.189356916928233e-10
0	3.541748313132711e-25
0	1.965903884126874e-09
0	9.648652395066822e-24
0	3.2505926119211215e-14
0	5.708359068892631e-23
0	5.767313709936772e-12
0	2.026319890147596e-25
0	7.228539550527752e-26
1	5.498775940875403e-14
0	2.792243154196218e-20
0	1.0285435878905876e-17
0	5.265080596118799e-19
0	8.452119020865038e-25
0	4.3222524626247705e-13
0	4.926436794855209e-15
0	6.768777529941872e-05
0	2.6789688573401697e-22
0	2.0455146611638518e-21
0	2.0085003598069306e-06
0	1.5564795215059778e-19
0	1.3382165431504388e-19
0	2.7760284754856178e-18
0	1.0442240494512589e-07
0	5.698128193762161e-25
1	3.4183839942448623e-15
0	1.400846290585344e-18
0	4.392376039711949e-29
0	1.0042469078541671e-08
0	2.65868550286541e-07
0	2.1546284245305847e-26
0	1.653716757300926e-22
0	1.3215759053514936e-13
0	1.4757912104286315e-38
0	3.21948620572989e-19
0	1.902403946284422e-18
0	4.0006995644627334e-18
1	1.0872977052132221e-13
0	1.1214899231504205e-08
0	1.710996855308622e-07
0	1.4137145467586642e-25
0	5.545006427389303e-16
0	6.108744953726054e-18
0	3.651899329962475e-20
0	3.801213185346539e-21
1	5.521733672937778e-20
0	7.693394081337666e-25
0	2.0448560622554623e-09
0	3.805325723532583e-25
0	2.5480041879497362e-30
0	4.0307908181324215e-23
0	1.0406647848757518e-15
0	2.840136225216e-26
0	3.077864613054686e-17
0	6.736452926115874e-19
0	1.201898025549042e-09
0	1.4171218549589068e-17
0	1.6204417378115705e-33
1	5.4417942923058e-19
0	3.3120169554955446e-19
1	5.3777197972504354e-11
0	6.12689699120496e-27
0	1.4162673153475935e-18
0	1.891885040095076e-05
0	3.4429192830032207e-09
0	2.1013412524874063e-24
0	1.7519847185022005e-22
0	2.940814372621107e-36
0	7.501945820704724e-17
0	3.8299295652389773e-29
0	4.179842069723343e-18
0	0.0010528764687478542
0	6.501655641291166e-19
0	1.7037498013373355e-18
0	3.5890409567918002e-12
0	2.2109998276675924e-09
0	8.717017002909177e-27
0	7.995312216990419e-19
1	6.876040714587361e-08
0	6.607140814931225e-19
0	4.044703572953683e-21
0	1.0591472026035182e-16
0	3.120455173442761e-20
0	6.2963889731683e-17
0	5.391355711643301e-41
0	5.3794268386732564e-17
0	1.7579421329495572e-23
0	1.56474295326392e-11
0	1.906492129366213e-35
0	4.707611722665206e-08
0	3.39276812019469e-21
0	6.095103588510398e-11
0	7.115859415379386e-15
1	5.081393000601006e-34
0	9.260394371896769e-14
0	4.160562361624281e-25
0	1.9504984759955455e-19
0	1.9159768715158731e-13
0	5.168255238350104e-17
0	4.143032139580782e-09
0	7.758227393850348e-11
0	0.0060837240889668465
0	1.194871923953505e-16
0	2.103736786398291e-19
0	1.0964131824664491e-09
0	3.730431831985853e-16
0	2.5994817986965192e-20
0	2.1052582844130885e-30
0	1.169263843211323e-18
0	5.033868606105754e-21
0	1.452958427691239e-34
0	6.082228319838257e-36
0	3.490238653647282e-10
0	5.691268961527385e-05
0	4.703229257753002e-28
0	1.4699490277032675e-29
0	1.0197077074530227e-15
0	2.377633994049586e-19
0	7.697124049320286e-17
0	4.515715922801899e-24
1	1.3909337326367677e-07
0	2.368835584066589e-18
1	9.870743979123464e-12
0	1.0875909062235678e-08
0	9.064010373549536e-05
0	3.926671944129414e-26
0	1.5512561396015256e-13
0	2.306139949007557e-15
0	2.449801831971854e-05
0	1.8694508425011816e-15
0	2.934129883502834e-10
0	3.302799042932843e-16
0	7.377018387152065e-18
0	3.8725258605961104e-18
0	1.0624238511254786e-18
0	6.935039776975264e-33
0	3.1896203973492655e-20
0	1.5826768035598978e-23
0	4.9740785030707744e-23
0	4.1792361599246476e-18
1	0.9955757856369019
0	3.507939381683367e-13
0	1.0691158456786092e-18
0	1.8707267917571018e-16
0	4.500400522804057e-21
0	2.409150004479871e-27
0	1.0415072210889775e-05
0	1.603975707212954e-21
0	1.6329380339227817e-12
1	0.04353867471218109
1	5.743433953799872e-17
0	0.012534292414784431
0	3.18566681329456e-21
0	1.0491424861819139e-16
0	5.462130314021207e-13
0	5.355813003533975e-19
0	1.3844917847263306e-14
0	2.9237650339263444e-15
0	2.1041324336102535e-13
0	2.2203557205641065e-32
0	1.3635026256949735e-26
0	1.5977882121962959e-15
0	4.559554402419228e-27
0	1.049730413074092e-17
0	5.081393000601006e-34
0	0.00015501472807954997
0	3.1495529963234186e-19
0	2.5521663860099625e-16
0	3.689979221528265e-25
0	5.355813003533975e-19
1	5.622777075078812e-15
0	1.0715081599776966e-11
0	3.548609670001035e-11
1	2.513581030787448e-20
0	2.0932388779070994e-22
0	5.82338950391451e-23
0	3.1708698232799434e-17
0	1.358483559815263e-24
0	5.404238927324764e-22
0	4.3014835282926344e-18
0	3.8059045498473054e-11
0	4.555017901557741e-19
0	9.218211744155269e-06
0	0.0
0	2.9588154148996182e-08
0	9.086475637935885e-15
0	3.897225653304304e-09
0	2.258215658912377e-08
0	4.378964398897134e-19
0	1.3029963248713943e-17
1	1.2557660917869618e-21
0	1.6655294530210085e-05
0	3.561764287951519e-07
0	6.890940537737516e-20
0	0.0006089299567975104
0	1.351093519138066e-16
0	9.80908925027372e-45
0	3.644039721823445e-26
0	4.976990326249287e-20
0	1.6815412067143918e-22
0	1.1051951217535497e-14
0	3.8670071597033404e-17
0	2.7994793150298847e-09
0	2.4928431927780888e-18
1	3.303412356288132e-26
0	2.1399273975901606e-24
0	3.6988277024585514e-11
0	1.171168759382676e-20
0	1.1446682143811948e-11
0	3.236017242654597e-22
0	6.295668333418643e-17
0	2.9940611101508807e-10
0	1.0837449826439638e-09
0	5.723463288595868e-14
0	8.701070246253106e-12
0	7.677300163777545e-05
0	1.6015586470121004e-16
0	8.850904086249792e-14
0	1.7411602699756077e-27
0	2.9752368994544516e-41
0	6.200386629503412e-15
0	2.72090162900529e-11
0	8.860444322689176e-11
1	2.3065111470570726e-21
0	1.2246580485819614e-11
0	1.22411772169093e-16
0	4.707950067121824e-13
1	5.277220225252677e-07
0	2.5262132096521264e-19
0	2.6571853606327522e-09
0	1.4020923311264255e-10
0	1.6020380880525014e-35
0	4.939296367745261e-12
0	1.1256219777271213e-15
0	3.017735394905685e-09
0	2.09399941830668e-09
0	0.0004212330386508256
0	5.7024541027650145e-18
0	2.086468331441438e-09
0	2.2412888831042812e-18
0	3.701134805767404e-30
0	3.222155683002721e-17
0	2.5552050773429422e-24
0	1.8309659005426825e-14
0	9.20723266517598e-08
0	7.746216862392075e-12
0	0.0007517546182498336
0	3.602291442916794e-08
0	9.410487146477298e-12
0	4.764688643632553e-10
0	1.3282848550277548e-25
0	2.8290655592832316e-17
0	4.8564355661917524e-12
0	1.527672307865368e-28
0	3.832315541296705e-12
0	1.784882899456771e-39
0	1.0118849340418078e-21
1	7.362641137696981e-36
0	4.1010056233665885e-22
0	2.299793893463433e-14
0	9.497146221643213e-16
0	6.095343320857327e-16
0	1.163812619577022e-18
0	2.597532189341223e-10
0	1.958415851363582e-12
0	4.992648960921997e-09
0	1.5106105602513686e-11
0	1.351279355077395e-08
0	4.014419352493803e-11
0	6.129159942496099e-21
