label	pred(score)
0	1.5352033880255966e-12
0	6.779163276744715e-13
0	1.1142434077794756e-18
0	0.9999991655349731
0	8.248162330943185e-20
0	1.4862285825039636e-27
0	4.534468141743301e-29
1	7.534034693890135e-07
0	1.151393869136541e-09
0	3.9975468268949044e-08
0	4.712477695394124e-13
0	2.7989732474774137e-27
0	4.722639914689353e-06
0	1.1428626782414375e-17
0	4.33682936131356e-31
0	1.6153295064394446e-13
0	8.167965461325366e-06
0	8.697318776285101e-07
0	2.1996617676021867e-22
0	7.123759546915387e-31
0	1.1210387714598537e-44
0	1.4910561955397624e-26
0	8.627151269980033e-16
0	4.3109957270637267e-10
0	3.680040806717645e-25
0	2.0017816293460555e-09
0	1.0156893388195374e-23
0	3.3362642347118526e-14
0	5.948062343553087e-23
0	5.88654038707892e-12
0	2.0985844794464984e-25
0	7.589617826882128e-26
1	5.5843039068782796e-14
0	2.8742374324155367e-20
0	1.0526335688699694e-17
0	5.382747038254468e-19
0	8.915272077310004e-25
0	4.428162480793474e-13
0	5.315745842907494e-15
0	6.810948252677917e-05
0	2.827645030385067e-22
0	2.1022585241707792e-21
0	2.025929461524356e-06
0	1.6297832334146614e-19
0	1.3774239994566573e-19
0	2.8931500123927667e-18
0	1.0522293081294265e-07
0	6.134433848412127e-25
1	3.5519545255215243e-15
0	1.456355176168904e-18
0	4.534468141743301e-29
0	1.000921390215126e-08
0	2.683171658190986e-07
0	2.2690144883827958e-26
0	1.7382844133890462e-22
0	1.3842601381559155e-13
0	1.6003192800190135e-38
0	3.4212732972470213e-19
0	1.9617597387042366e-18
0	4.115118081923212e-18
1	1.126886195576722e-13
0	1.1366895869002747e-08
0	1.7287699449752836e-07
0	1.525758556538984e-25
0	5.644910257748804e-16
0	6.61153138622508e-18
0	3.791584609145966e-20
0	3.899588709309962e-21
1	5.749760872189652e-20
0	7.906873647356313e-25
0	2.0675559042615532e-09
0	3.915679722082983e-25
0	2.7606462259569886e-30
0	4.318950662756984e-23
0	1.0855270378941286e-15
0	3.0158796437572684e-26
0	3.1498445464700706e-17
0	6.917544992682694e-19
0	1.2221111900245774e-09
0	1.4588079528007616e-17
0	1.7010870787627105e-33
1	5.656541753057988e-19
0	3.521268835053084e-19
1	5.562816873805332e-11
0	6.627030182883215e-27
0	1.475671084242936e-18
0	1.9013465134776197e-05
0	3.484088129113161e-09
0	2.206677257515889e-24
0	1.896776792885279e-22
0	3.240466063204088e-36
0	7.665624349849777e-17
0	3.989825986826528e-29
0	4.3176929595762235e-18
0	0.0010659827385097742
0	6.752662047206733e-19
0	1.7549581749162324e-18
0	3.682993146569835e-12
0	2.254474606999679e-09
0	9.11029883090085e-27
0	8.227959866198255e-19
1	7.033276716583714e-08
0	6.929694207929567e-19
0	4.376237804803006e-21
0	1.1059277734891892e-16
0	3.241234205750587e-20
0	6.418810380337168e-17
0	5.89666393787883e-41
0	5.556543413177601e-17
0	1.8860757053793388e-23
0	1.5868214728320673e-11
0	2.040613423223114e-35
0	4.849984236443561e-08
0	3.472364059313745e-21
0	6.189481566165611e-11
0	7.23059341621677e-15
1	5.654967203890087e-34
0	9.417497977195349e-14
0	4.276550059633124e-25
0	2.0298925636580922e-19
0	1.9688868862100667e-13
0	5.272603080006933e-17
0	4.250886309620228e-09
0	8.082342434212464e-11
0	0.006060315761715174
0	1.2322652522012302e-16
0	2.163523074628151e-19
0	1.1194014604143376e-09
0	3.806867820448285e-16
0	2.6862268724417628e-20
0	2.2126300072872537e-30
0	1.2114854164227141e-18
0	5.20909761002845e-21
0	1.5532173051455815e-34
0	6.306977042599784e-36
0	3.719629604326258e-10
0	5.727289681090042e-05
0	4.8869851226419045e-28
0	1.6004425175711013e-29
0	1.0720783781532168e-15
0	2.454531030237988e-19
0	7.884436782927204e-17
0	4.6898376405372594e-24
1	1.429577736189458e-07
0	2.43454867308418e-18
1	1.0147389872816603e-11
0	1.1252481613155396e-08
0	9.12830073502846e-05
0	4.1726877700351106e-26
0	1.5838566081501776e-13
0	2.3614950344182832e-15
0	2.490285987732932e-05
0	1.9361652750092984e-15
0	2.9762570186164794e-10
0	3.424412063032675e-16
0	7.58171994615995e-18
0	3.98514815535643e-18
0	1.1205862287165322e-18
0	7.358356598541478e-33
0	3.342489513780174e-20
0	1.6814313026130765e-23
0	5.145518488158836e-23
0	4.300958268603663e-18
1	0.9956653714179993
0	3.6023647172894746e-13
0	1.1056904636432538e-18
0	1.9084386838023334e-16
0	4.737566694575578e-21
0	2.5912253028993014e-27
0	1.1386268852220383e-05
0	1.706251258517594e-21
0	1.6564336707824978e-12
1	0.04482781141996384
1	6.086766185824091e-17
0	0.012599332258105278
0	3.298031504301968e-21
0	1.0890727442811147e-16
0	5.664916235756379e-13
0	5.527236879703699e-19
0	1.424984364176412e-14
0	2.9833878948418114e-15
0	2.158702768406337e-13
0	2.3527795672880528e-32
0	1.4164667776863914e-26
0	1.644418646492066e-15
0	5.063589528164811e-27
0	1.0784020647483439e-17
0	5.654967203890087e-34
0	0.00016249560576397926
0	3.3225707461359555e-19
0	2.609581455548411e-16
0	3.8338987585577537e-25
0	5.527236879703699e-19
1	5.848324584757213e-15
0	1.1230443658361011e-11
0	3.5803391501554316e-11
1	2.6079043391016417e-20
0	2.155537053749703e-22
0	6.060312201656244e-23
0	3.291238829912945e-17
0	1.4182038802145672e-24
0	5.6089393707697335e-22
0	4.402112944941854e-18
0	3.853118518692966e-11
0	4.700972369679074e-19
0	9.297618817072362e-06
0	0.0
0	2.99640099399312e-08
0	9.418607420949663e-15
0	3.951152738324026e-09
0	2.286116362881785e-08
0	4.539735739740824e-19
0	1.408069024899004e-17
1	1.2908628037610578e-21
0	1.6861249605426565e-05
0	3.606062648486841e-07
0	7.208184982166916e-20
0	0.0006188563420437276
0	1.4088165645621803e-16
0	9.80908925027372e-45
0	3.7853586063155493e-26
0	5.1295731606400696e-20
0	1.7401088908906413e-22
0	1.1312659488370898e-14
0	4.0621847265744125e-17
0	2.8391857753717886e-09
0	2.6174548501319053e-18
1	3.5601687083076873e-26
0	2.2100468768725407e-24
0	3.7683866443982694e-11
0	1.2095723964662976e-20
0	1.1828930196466914e-11
0	3.360025672084361e-22
0	6.477055806861722e-17
0	3.012937399571314e-10
0	1.1025660384689218e-09
0	5.901958880383945e-14
0	8.892065035681629e-12
0	7.734749669907615e-05
0	1.739915126198986e-16
0	9.153363288681715e-14
0	1.85038245342373e-27
0	3.2035084192929643e-41
0	6.443202176361013e-15
0	2.8195555265564387e-11
0	9.009422374806064e-11
1	2.3591647473377674e-21
0	1.2530401195809393e-11
0	1.240358122616653e-16
0	4.827682849838089e-13
1	5.517582053471415e-07
0	2.624842865471711e-19
0	2.690559552931404e-09
0	1.4236560541558418e-10
0	1.7497223367482357e-35
0	5.279358547549684e-12
0	1.1561944672879628e-15
0	3.0530629135938625e-09
0	2.1281518769455943e-09
0	0.00042111659422516823
0	5.8828183537903645e-18
0	2.1217765322489868e-09
0	2.335395153442908e-18
0	3.997608775056091e-30
0	3.358124985116228e-17
0	2.7468933469309904e-24
0	1.8732530039948167e-14
0	9.555326840882117e-08
0	7.941416621526365e-12
0	0.0007596948416903615
0	3.7963911125871164e-08
0	1.0073531418741677e-11
0	4.828445421267702e-10
0	1.377656331078594e-25
0	2.931110199242468e-17
0	4.949878180948719e-12
0	1.5986433077985237e-28
0	4.103937242122546e-12
0	1.951714488126962e-39
0	1.0404393259172055e-21
1	8.286001851282318e-36
0	4.2290393891146416e-22
0	2.343136738781025e-14
0	9.651636560892925e-16
0	6.222395615967512e-16
0	1.177728899407461e-18
0	2.638664009513292e-10
0	2.0165978262265405e-12
0	5.084288545731397e-09
0	1.5458467839124523e-11
0	1.3648628893747627e-08
0	4.063530067988097e-11
0	6.419238208489738e-21
