label	pred(score)
0	1.3008509742486185e-13
0	1.2750942608632382e-13
0	8.33884642826433e-32
0	2.0181279615466627e-17
0	3.678356588684998e-25
0	7.022166316232258e-34
0	1.8073642686616536e-22
1	1.3091704446802682e-23
0	2.241539419356453e-12
0	3.7746774594893395e-09
0	2.6038849472198892e-15
0	2.54361974282935e-26
0	1.2192176521846898e-12
0	3.326260125441584e-27
0	1.2887264302528162e-30
0	1.1778176274528544e-20
0	2.391287523551e-07
0	4.3823320521757265e-15
0	3.8267245616628343e-25
0	2.667130155090917e-37
0	1.2400698274343823e-38
0	3.4811068189002625e-27
0	1.1699336527123379e-17
0	1.927302877591138e-20
0	6.316442922804124e-20
0	4.224830087282052e-15
0	5.474800685417961e-25
0	2.5497614080098013e-17
0	8.138951548748884e-21
0	1.5694926261411446e-11
0	3.456267964698773e-21
0	4.05139104583785e-28
1	6.873803475095737e-18
0	2.7897121107687763e-18
0	9.702120311847516e-19
0	2.78820429286099e-16
0	1.4580443922628387e-34
0	1.4109926689246784e-19
0	4.430101984717966e-22
0	3.0644930575363105e-06
0	2.1311543309221554e-31
0	1.308772554833773e-28
0	3.3698738244325455e-13
0	1.840910420883996e-22
0	1.4478434752580242e-15
0	2.2739160707856136e-21
0	9.862041183694714e-10
0	1.1666654786971032e-27
1	2.644194858896069e-22
0	1.308529625501976e-18
0	1.8073642686616536e-22
0	5.395644872635216e-16
0	3.746334839571652e-11
0	4.902613562658121e-28
0	2.2900755338082413e-26
0	4.199930719585864e-19
0	1.2031790759067515e-37
0	2.0034949058855362e-22
0	1.0288221823208955e-17
0	4.6817747691121523e-17
1	2.5986038656132235e-24
0	3.074764960504297e-18
0	2.1514942716294172e-08
0	6.467070049125691e-28
0	1.532841372277674e-13
0	2.8297505443173125e-21
0	1.8632083758527476e-21
0	1.013734854625459e-15
1	2.624222838415471e-26
0	1.2444938778208837e-19
0	1.0105698016685954e-13
0	1.4825374222097488e-26
0	1.628160230496824e-28
0	1.3455105111173102e-27
0	2.4829849700429675e-16
0	6.393942368766686e-29
0	9.851932414303673e-20
0	5.133588864020073e-19
0	1.3028412550186719e-11
0	1.1540488520548266e-22
0	1.457155052212285e-26
1	2.0932968623390768e-20
0	3.369561891716836e-30
1	4.397275011108276e-20
0	1.3823843689140361e-24
0	1.2514198190845247e-20
0	1.903655303460731e-15
0	8.69124650720865e-13
0	1.6966669356585882e-26
0	1.9695519802936948e-24
0	1.7650667567195713e-36
0	1.1892100215530899e-17
0	4.289669802563081e-25
0	2.673827208877394e-19
0	1.7114579975441302e-08
0	3.080947159179136e-14
0	4.120420891261045e-21
0	6.306869682401592e-17
0	2.1427126837159777e-13
0	8.890263068091559e-28
0	3.0622836968649696e-20
1	3.411152821034593e-16
0	2.713480292799691e-26
0	1.1688455397198842e-24
0	1.7138421285935185e-16
0	3.6648063363545e-21
0	4.58551036387586e-19
0	4.2403291530468965e-42
0	1.863013751245655e-24
0	1.773731050072994e-31
0	3.540697245894278e-16
0	1.1830982005997906e-30
0	1.4412060870330313e-19
0	8.308089688202609e-22
0	4.184906036346168e-15
0	9.903611922042134e-16
1	2.141324883983985e-38
0	1.9966324325585534e-18
0	7.490347202716497e-29
0	1.159764572142598e-21
0	4.962378917436271e-18
0	6.27411809470482e-16
0	4.4446527014407877e-10
0	4.448112546156201e-14
0	2.3856247821640864e-07
0	3.0326144427692686e-14
0	1.4466039575178227e-19
0	2.4998513675766887e-11
0	1.8675998244104163e-20
0	7.228813574174281e-19
0	6.2901451303414395e-25
0	4.9345417411341836e-23
0	6.62791648999126e-19
0	2.9726011346189396e-34
0	3.292827004042825e-36
0	2.664673162929788e-19
0	3.0689971026731655e-06
0	4.3893276537218486e-29
0	4.1995579594430205e-36
0	3.2662192607762366e-20
0	6.7497703724192644e-21
0	3.3168957055224735e-20
0	4.9457245146819165e-20
1	1.0448391430244359e-27
0	2.099403415673731e-23
1	9.217268395799559e-19
0	1.978021496595872e-10
0	2.195336719523766e-06
0	4.073424521765165e-22
0	1.5213558765634488e-14
0	8.172379576150418e-25
0	2.923300924245753e-12
0	1.3276853868857737e-20
0	5.6410371485071664e-08
0	8.59480904421803e-28
0	2.2682500047586604e-21
0	4.764178584452746e-18
0	1.1747803882646216e-19
0	4.9257299220016175e-27
0	1.6931491457453446e-19
0	2.5374946693086164e-26
0	5.7757857998740314e-21
0	2.0492291010885063e-24
1	6.953989370898334e-23
0	2.1593081597943986e-13
0	7.75607915795554e-23
0	3.161833371396169e-18
0	8.692614854216209e-26
0	1.9624083816107669e-28
0	4.132224076802693e-11
0	4.155346117496121e-24
0	3.154329519751333e-17
1	1.8440877961483672e-14
1	3.2102295177135807e-25
0	3.0110990337561816e-05
0	1.1567865401838545e-21
0	5.2607492509568034e-17
0	6.800272693043008e-13
0	4.435614670941395e-22
0	2.9089249666557155e-22
0	2.3227470887296616e-15
0	7.942739299131191e-22
0	5.242105542181731e-37
0	1.777432452439448e-20
0	2.998569631969281e-18
0	2.8609763679199318e-37
0	9.273280821926456e-25
0	2.141324883983985e-38
0	1.6954444943969969e-18
0	1.3546437793590998e-24
0	3.471644473056147e-16
0	2.476699300977331e-27
0	4.435614670941395e-22
1	4.8701231955307675e-21
0	1.094270140171318e-23
0	1.6773197143282043e-14
1	2.1826943227198345e-29
0	2.3660298819406565e-23
0	2.703485745506676e-21
0	9.012784178497622e-20
0	5.282346936750563e-17
0	1.9233623993559678e-24
0	2.282737378485059e-21
0	5.195014904368911e-11
0	3.1549971129899176e-21
0	1.8491503883666383e-09
0	1.401298464324817e-45
0	5.3785816078733006e-11
0	1.0297951727467058e-11
0	6.766539550895345e-10
0	8.161075371049265e-09
0	5.909414343866755e-22
0	6.134057921241096e-18
1	3.129793562031753e-25
0	2.338759941267199e-07
0	2.5176076334787467e-08
0	3.703967266121789e-26
0	8.78334785122287e-18
0	3.115926294965548e-18
0	2.802596928649634e-45
0	2.6064330235191664e-27
0	5.68012415937296e-22
0	9.280939209812086e-22
0	6.059882516063146e-20
0	1.108272579011172e-22
0	3.2123634527368695e-16
0	3.263207095500322e-19
1	1.1200681814716374e-27
0	6.482121334159893e-25
0	2.9144846547517344e-18
0	1.6309856987625463e-24
0	9.047534314625405e-14
0	2.4205979788290828e-29
0	1.1949491442888738e-24
0	9.166824548037717e-16
0	1.0135719331320106e-16
0	2.85903889338867e-19
0	9.459244574365462e-18
0	1.0426321750856005e-05
0	7.070824561899178e-25
0	2.431151855898731e-18
0	4.702506657865664e-30
0	5.931381688281674e-32
0	5.5723121226308216e-18
0	6.6396519533731426e-21
0	2.173678988540151e-14
1	5.511400018078926e-28
0	1.376769470049508e-16
0	6.159965941809292e-19
0	1.7674633458197864e-12
1	1.514033618297071e-27
0	4.52687735797769e-23
0	1.835620007774666e-14
0	5.635741655490368e-17
0	0.0
0	3.679839616973441e-20
0	1.2079293338821242e-15
0	3.2207241973218614e-13
0	3.902237464415979e-21
0	2.5977278054339914e-12
0	5.175115398721766e-19
0	9.344120058252169e-18
0	1.950641769527034e-17
0	1.0258899568202088e-26
0	1.3700010079175804e-23
0	6.2112527167505896e-30
0	1.9184378749221437e-13
0	4.837939808965616e-14
0	1.3884737713146678e-15
0	1.316794895769756e-21
0	4.6298861554501525e-14
0	1.6031825172957426e-11
0	9.562785873566021e-19
0	4.715357512688289e-27
0	5.179701625840622e-25
0	1.411963401016722e-13
0	3.785619680079682e-33
0	2.6591376767329315e-20
0	0.0
0	2.728093632920119e-26
1	2.447354875997421e-38
0	1.3364209149863452e-19
0	2.2166535100509588e-13
0	2.0241813685309992e-16
0	5.802614946638824e-22
0	2.48007514303545e-19
0	4.0185933422686337e-19
0	1.6858865258165232e-18
0	2.4747769560862774e-16
0	4.366275179466872e-17
0	8.76314706834292e-15
0	3.859612773832047e-15
0	1.254538415170298e-24
