label	pred(score)
0	3.3546621969020307e-13
0	1.2023318538695316e-12
0	5.686325614543435e-29
0	1.0
0	3.8727743324125505e-27
0	2.6675223306851466e-33
0	3.1091383807801964e-12
1	4.796254167065715e-18
0	1.6781544331934128e-07
0	6.45119314413023e-07
0	5.15010455892546e-19
0	1.876687918472302e-16
0	2.1742888045572784e-10
0	4.62199078664825e-17
0	1.964520524906652e-28
0	3.070165107386946e-14
0	1.9027174857910722e-05
0	6.920667381185575e-13
0	1.1462176050154333e-14
0	1.1679876599691482e-35
0	6.432828756298792e-40
0	2.890014287012852e-20
0	3.098955500271705e-23
0	4.354251480606148e-16
0	9.218304789897241e-23
0	3.4308406809957503e-11
0	3.738974241976974e-19
0	8.701915691860618e-16
0	4.4283583931614267e-16
0	2.775918871936872e-13
0	8.207368755812396e-18
0	1.2651305491523137e-24
1	4.840455293531054e-12
0	1.3815634053142771e-22
0	7.343636821789826e-25
0	3.9181930960081217e-16
0	1.765200473692932e-22
0	1.8208008831358102e-17
0	1.4160166844687514e-21
0	0.00054940115660429
0	1.5375910756868466e-24
0	2.746668410501387e-20
0	2.963285450352515e-10
0	1.3209417807860638e-19
0	3.1751370196259066e-13
0	7.908810685380038e-16
0	1.1713097939486383e-12
0	3.608965215306999e-29
1	1.5280274609196408e-21
0	4.318917530598965e-23
0	3.1091383807801964e-12
0	6.325013401919932e-09
0	2.494318362966652e-10
0	1.8685472228060827e-28
0	2.656658308995927e-24
0	1.0872932713098134e-21
0	2.7343819436140563e-37
0	2.2661109189257725e-16
0	4.313017734754074e-18
0	1.6870492380273916e-20
1	2.998925774582016e-17
0	2.6625943360413017e-16
0	1.807919005614167e-07
0	1.088223603916675e-27
0	6.233996473333989e-14
0	3.348549904236832e-21
0	2.056679343975451e-14
0	4.2466454208385865e-14
1	6.862659430080232e-28
0	4.774047863749224e-22
0	4.619063742605789e-10
0	5.513428443545622e-17
0	8.122395377043351e-27
0	6.207908155909186e-24
0	1.300811161847213e-17
0	4.0846505848636546e-26
0	7.980594088953686e-19
0	1.4713410882456063e-13
0	5.320003242258631e-16
0	5.2479666899846785e-15
0	2.5798106823845714e-22
1	1.7089766522304816e-18
0	2.0623390941907128e-26
1	1.0182435012988649e-20
0	6.985696403350938e-19
0	1.7073407475591734e-26
0	2.5085578059247382e-08
0	7.27048412793585e-13
0	1.1414626631483546e-27
0	1.317548567167717e-21
0	1.9703836050687327e-34
0	2.6999622711366912e-20
0	1.3011294237966474e-31
0	1.949470025537852e-21
0	8.495467107572097e-10
0	5.368890011389627e-13
0	2.973100120523314e-19
0	1.7928610646192637e-15
0	8.126358201805683e-13
0	2.822509498067386e-26
0	7.586580459439312e-18
1	6.245130280968514e-12
0	4.277143748461784e-22
0	3.3278059673860422e-21
0	9.217005956206614e-15
0	4.11276615928754e-17
0	6.56379289253833e-23
0	3.90962271546624e-43
0	3.4280150933093284e-26
0	2.0232298047697366e-18
0	7.1350898748689605e-19
0	1.4445136139840166e-27
0	4.8853138084871555e-18
0	6.84844703930009e-24
0	4.7194016137555236e-14
0	2.028112445130484e-19
1	5.336450819941266e-37
0	1.935670607768102e-15
0	4.3863048320443475e-26
0	7.400457784117325e-21
0	5.552722344426275e-12
0	1.3636856565157361e-17
0	2.5712028062230274e-08
0	3.8719450822649604e-13
0	0.002261445624753833
0	7.350496079860935e-12
0	1.0
0	1.1747693963448658e-11
0	3.000037174453042e-16
0	9.102797972755642e-19
0	6.034880218470818e-26
0	2.1534353162523828e-20
0	1.4687248557285373e-17
0	4.259947331547444e-42
0	1.2202744512932014e-26
0	1.9437541105698827e-19
0	3.37205570133392e-08
0	1.669259200302533e-20
0	2.636281123191959e-35
0	1.4642052192187858e-24
0	1.249796859563836e-14
0	1.1225333911989667e-17
0	4.111054143573739e-18
1	8.98876038708813e-25
0	9.209320999570514e-20
1	1.2436943471678713e-15
0	2.4789784808243454e-11
0	0.00032885625842027366
0	5.1840633603745735e-20
0	3.558675229498043e-11
0	2.6791792031562424e-25
0	6.03343000560308e-11
0	6.8746287016556515e-22
0	7.022282311197614e-09
0	1.4295882939706934e-17
0	3.3005839458966546e-15
0	2.544343642117547e-29
0	1.473123967662217e-17
0	4.758996003740192e-28
0	3.153513191748417e-16
0	3.178082197156431e-20
0	3.3429121513744e-19
0	2.3669278423090696e-27
1	1.285150803546885e-25
0	7.610455234757785e-13
0	1.3143505110235071e-14
0	3.2038995480092314e-13
0	9.466848937807182e-28
0	4.8159114182574184e-24
0	4.986061008516174e-10
0	3.5699759749928147e-25
0	1.0183368014558472e-20
1	0.0057270037941634655
1	2.4545741542975596e-22
0	0.0005056697991676629
0	1.1371629372797725e-22
0	7.197294856994309e-15
0	5.380482170913581e-10
0	1.2153047574650552e-17
0	1.8417622240542116e-20
0	7.973308124853418e-11
0	5.1751521048614485e-20
0	1.2865835628259847e-32
0	2.663008787194376e-25
0	8.118153707833372e-19
0	6.801932933003758e-28
0	1.4659151984734026e-13
0	5.336450819941266e-37
0	2.8369749362233717e-18
0	4.363754163019418e-20
0	3.7112502497714935e-19
0	5.055912586517209e-25
0	1.2153047574650552e-17
1	4.806630760729666e-14
0	5.704661393839934e-22
0	8.441279901634513e-13
1	3.40799472600904e-22
0	8.986888215056205e-22
0	4.1375096301561956e-14
0	1.3709706113418374e-12
0	3.7304829744951756e-19
0	2.237021967637964e-22
0	2.319263890727205e-18
0	1.893971131039507e-07
0	1.724409246212197e-21
0	9.892679599943222e-07
0	0.0
0	2.778040471274057e-11
0	5.712854234812825e-13
0	8.125901340694242e-11
0	3.272775188634114e-07
0	1.9386869911610775e-21
0	2.2959326090700796e-14
1	2.520594791202502e-24
0	1.4704912700835848e-06
0	1.0736220019680331e-06
0	1.7052578158057197e-26
0	8.264573921057394e-12
0	6.044719933543531e-18
0	8.407790785948902e-45
0	8.224958042951917e-24
0	5.471370005860663e-20
0	1.6997850874382413e-16
0	2.827695417316599e-17
0	3.847270782902986e-27
0	8.176594974429463e-07
0	1.5356333201353144e-24
1	1.046374783265593e-27
0	2.2152981267033707e-23
0	5.2175658304747744e-15
0	6.569669980237936e-26
0	4.9255421789851095e-12
0	2.9572672516228444e-32
0	1.3837726260565667e-23
0	1.2638853322134224e-25
0	1.470565917573597e-14
0	3.675117470331044e-17
0	5.804213446675144e-13
0	0.0007284751627594233
0	4.936478552428682e-24
0	2.276669087628025e-12
0	6.90012428867798e-34
0	1.0076721232530633e-26
0	2.1073524124185818e-14
0	5.68993244944734e-20
0	9.54356025317793e-08
1	1.672756673084535e-30
0	2.5282017725242192e-17
0	1.0436066361806844e-15
0	4.5061885131517446e-14
1	9.58893615465612e-20
0	2.9112628210293627e-25
0	1.1109437649599752e-14
0	4.490776409863274e-15
0	1.8034139308784127e-34
0	2.3961590107517182e-15
0	2.531480282202558e-19
0	9.076092199848673e-13
0	6.976636607834708e-13
0	2.867273259099523e-12
0	6.1867777746563504e-15
0	2.7890098344287187e-18
0	3.465521801276038e-14
0	1.5938831360145524e-26
0	1.0737086270893163e-20
0	3.6391693414332266e-23
0	9.411096144531649e-16
0	2.529798744620171e-13
0	1.640239068292958e-16
0	3.9838723986385105e-10
0	5.280786116550196e-13
0	1.4047577337472639e-11
0	2.9862708472811398e-21
0	4.7208251729006154e-21
0	5.588105147013404e-26
0	1.3642900828156335e-12
0	1.9648073825422188e-26
0	2.6704063620951505e-16
0	5.605193857299268e-45
0	1.002548880086665e-20
1	7.911540176317742e-35
0	6.906862472059455e-20
0	2.4637850870590228e-08
0	1.1828641466652117e-14
0	8.710623824902524e-22
0	8.473844162965741e-18
0	6.169384800117431e-15
0	1.3462241304357248e-12
0	1.3412834211357083e-11
0	1.641954442360046e-16
0	2.987965785905544e-08
0	1.1467546912058424e-08
0	1.6387793395640584e-19
