label	pred(score)
0	1.2393006813913449e-13
0	1.2193216813831398e-13
0	7.489050411454602e-32
0	1.9040092970582344e-17
0	3.384965906005528e-25
0	6.260242102097945e-34
0	1.678580390856044e-22
1	1.2093722037633917e-23
0	2.141590073681532e-12
0	3.6548324366947327e-09
0	2.4753447328587337e-15
0	2.3271151725730922e-26
0	1.1682419354813733e-12
0	3.024784103817945e-27
0	1.1632284904494232e-30
0	1.0928576967112055e-20
0	2.336303310812582e-07
0	4.1528140755570705e-15
0	3.5194585552176255e-25
0	2.3525133143737604e-37
0	1.0942242246957661e-38
0	3.1683991590269457e-27
0	1.1027550064444563e-17
0	1.7930275534842e-20
0	5.895550162682416e-20
0	4.015138610859777e-15
0	5.04470040786369e-25
0	2.3978207371929985e-17
0	7.5853528458621e-21
0	1.5119421339915284e-11
0	3.217493879832245e-21
0	3.693578780742465e-28
1	6.490928452914848e-18
0	2.628762202310352e-18
0	9.080184922759974e-19
0	2.641450540793262e-16
0	1.2953084492397723e-34
0	1.323029636350936e-19
0	4.0926914080787935e-22
0	3.0008218345756177e-06
0	1.9221671869702537e-31
0	1.1886001837232211e-28
0	3.2284491378008207e-13
0	1.7105254709851498e-22
0	1.3758723562792472e-15
0	2.1191832130370467e-21
0	9.541113454858419e-10
0	1.0631608997713806e-27
1	2.4427112008959736e-22
0	1.2320760098206904e-18
0	1.678580390856044e-22
0	5.116372815969553e-16
0	3.615350380181681e-11
0	4.467219543095471e-28
0	2.0947842344802335e-26
0	3.92795942104514e-19
0	1.0525264869420847e-37
0	1.863982393551176e-22
0	9.691434999489709e-18
0	4.4176421028896797e-17
1	2.3956269964714626e-24
0	2.891903244414496e-18
0	2.0882769291574732e-08
0	5.890535698036081e-28
0	1.4658173492273358e-13
0	2.636822783342823e-21
0	1.730220917029592e-21
0	9.629129836693194e-16
1	2.4090225079175525e-26
0	1.1648869203975753e-19
0	9.65595469250638e-14
0	1.3553556338814244e-26
0	1.4801398753554049e-28
0	1.2267614263097848e-27
0	2.343366676462469e-16
0	5.794630886819159e-29
0	9.230001161119194e-20
0	4.829261361843572e-19
0	1.2517645774090536e-11
0	1.0699541338566045e-22
0	1.3297543241678827e-26
1	1.9449324875136013e-20
0	3.040269248627768e-30
1	4.119464463677781e-20
0	1.2695735123781316e-24
0	1.1669767146670081e-20
0	1.8064815661693497e-15
0	8.329849939155143e-13
0	1.5528089051278036e-26
0	1.812153719318567e-24
0	1.556952993763085e-36
0	1.1176965352851241e-17
0	3.9411705296400357e-25
0	2.509673216316246e-19
0	1.6641481082046994e-08
0	2.926455803489887e-14
0	3.829521503106606e-21
0	5.942887051821108e-17
0	2.0471154610866849e-13
0	8.086065982723392e-28
0	2.8508039872732776e-20
1	3.213086607115588e-16
0	2.470576461535333e-26
0	1.075542917547256e-24
0	1.622986065948572e-16
0	3.409751979939736e-21
0	4.2975612963218494e-19
0	3.6812110657812944e-42
0	1.7108892226371563e-24
0	1.5953938633738677e-31
0	3.355975241965876e-16
0	1.0674466716766255e-30
0	1.3478945563173092e-19
0	7.7185685063679185e-22
0	3.9606782039995885e-15
0	9.354864803536988e-16
1	1.8830060218241875e-38
0	1.871181600473302e-18
0	6.766087404508201e-29
0	1.0773636708365175e-21
0	4.672779676259006e-18
0	5.964101918427378e-16
0	4.287314392392716e-10
0	4.2270084866158006e-14
0	2.3279451966118359e-07
0	2.896264499931134e-14
0	1.3545696453666707e-19
0	2.4117258537459385e-11
0	1.7485013258392656e-20
0	6.782246678802575e-19
0	5.781306673684796e-25
0	4.551673780583683e-23
0	6.215103216502663e-19
0	2.647539753240633e-34
0	2.9140798399993325e-36
0	2.49838271794278e-19
0	3.0082776447670767e-06
0	3.9798237900309744e-29
0	3.7249474517772326e-36
0	3.051590448743161e-20
0	6.285289071425133e-21
0	3.1053384477483547e-20
0	4.6361104882858915e-20
1	9.48948246651362e-28
0	1.9377904286541885e-23
1	8.665960272351209e-19
0	1.9066181966564955e-10
0	2.1483999717020197e-06
0	3.7830855908848926e-22
0	1.4469221786971194e-14
0	7.499053759993878e-25
0	2.807785037459154e-12
0	1.2398920394287039e-20
0	5.486158372036698e-08
0	7.814863268709586e-28
0	2.1145480935499087e-21
0	4.4865742893381124e-18
0	1.1007786134671257e-19
0	4.4979839628411234e-27
0	1.5863248442417446e-19
0	2.3134490818365115e-26
0	5.364824861657928e-21
0	1.8818416916857913e-24
1	6.410129099088519e-23
0	2.0616369939344126e-13
0	7.173938937403332e-23
0	2.9722171052194135e-18
0	7.982818765816137e-26
0	1.7832318966471309e-28
0	3.974656020977463e-11
0	3.826755573757171e-24
0	2.974498469348835e-17
1	1.7526536388108756e-14
1	2.948907756464575e-25
0	2.954331284854561e-05
0	1.0780050589286729e-21
0	4.965638339921975e-17
0	6.524309087777014e-13
0	4.1122536439153366e-22
0	2.7047427732710403e-22
0	2.204012127765922e-15
0	7.369381561700117e-22
0	4.594415526829611e-37
0	1.6632970375436155e-20
0	2.8127827984383396e-18
0	2.492343619246508e-37
0	8.535259043818543e-25
0	1.8830060218241875e-38
0	1.590057651852255e-18
0	1.2488325842428345e-24
0	3.286235048951489e-16
0	2.2562477298930462e-27
0	4.1122536439153366e-22
1	4.533552774688317e-21
0	1.0045878570725431e-23
0	1.594406708440091e-14
1	1.9802371063104795e-29
0	2.186534522605021e-23
0	2.519608503656253e-21
0	8.42931165391803e-20
0	4.9814993627315566e-17
0	1.776181662040489e-24
0	2.1268606850456962e-21
0	5.0060126183248954e-11
0	2.9346170934879328e-21
0	1.7900646520629948e-09
0	0.0
0	5.174524350670673e-11
0	9.915199737642322e-12
0	6.544010333620065e-10
0	7.907360100034566e-09
0	5.478297946413382e-22
0	5.766636287263923e-18
1	2.8783885219184743e-25
0	2.2856721670905245e-07
0	2.4458616465494742e-08
0	3.3889307332411205e-26
0	8.286204031272375e-18
0	2.930035443472578e-18
0	1.401298464324817e-45
0	2.3758202460482944e-27
0	5.285094929780955e-22
0	8.639639974949075e-22
0	5.652333213197683e-20
0	1.0270510815563821e-22
0	3.0389458975829643e-16
0	3.0593895340733143e-19
1	1.023036556792503e-27
0	5.968967808351691e-25
0	2.744618359675448e-18
0	1.5043525200529724e-24
0	8.645378656675293e-14
0	2.1856772571844812e-29
0	1.1010319008634652e-24
0	8.696605854072517e-16
0	9.559695899028799e-17
0	2.672175174097761e-19
0	8.91288929823235e-18
0	1.0225869118585251e-05
0	6.465525672866306e-25
0	2.2860523823380477e-18
0	4.245477087373305e-30
0	5.326722087898074e-32
0	5.233085353422825e-18
0	6.184587909782471e-21
0	2.071754836370683e-14
1	5.005148146967353e-28
0	1.3033797561725371e-16
0	5.768217339607241e-19
0	1.6931681751097827e-12
1	1.3810856149745507e-27
0	4.1859745887744127e-23
0	1.7451682392494e-14
0	5.318417967158285e-17
0	0.0
0	3.430393286617845e-20
0	1.148799657900196e-15
0	3.0704944337968387e-13
0	3.633180814311768e-21
0	2.4939635859949627e-12
0	4.847497075435186e-19
0	8.783414852852487e-18
0	1.841224137895867e-17
0	9.399168292887514e-27
0	1.2692206351737036e-23
0	5.600621205396734e-30
0	1.8299543737970714e-13
0	4.616376996380983e-14
0	1.3180753807607052e-15
0	1.2215303867810348e-21
0	4.391597152662678e-14
0	1.5402401576380953e-11
0	8.98638781117529e-19
0	4.30000375716196e-27
0	4.761327765642461e-25
0	1.346809084612835e-13
0	3.3744060422231215e-33
0	2.4837568076196498e-20
0	0.0
0	2.4836734014547484e-26
1	2.1490662172203011e-38
0	1.2525428621689075e-19
0	2.1174544322793976e-13
0	1.917341132426874e-16
0	5.394640825136504e-22
0	2.3234779623578563e-19
0	3.7687592063774185e-19
0	1.5857932256018144e-18
0	2.347562930622726e-16
0	4.123102277349758e-17
0	8.346875267513636e-15
0	3.658029520297364e-15
0	1.1551135421198626e-24
