label	pred(score)
0	6.57595668456662e-13
0	1.68458671491456e-12
0	2.158981310227958e-18
0	1.0
0	6.472402657422169e-20
0	1.450676994251344e-26
0	4.071126411089851e-29
1	0.047970350831747055
0	4.3873027433249945e-10
0	2.9298602655103423e-08
0	3.2508671861213034e-13
0	2.6070793656085027e-27
0	7.90132526162779e-06
0	4.6243892795524085e-17
0	1.9846232612955445e-29
0	2.974822265692373e-13
0	7.906616701802704e-06
0	5.386781936067564e-07
0	4.6376648446674096e-21
0	1.2862314670030829e-30
0	1.401298464324817e-45
0	7.215921473829709e-26
0	1.0708859336404017e-13
0	6.993460810456043e-10
0	4.453801188579496e-25
0	2.09078665491802e-09
0	1.3629229376682667e-22
0	3.6761819445767924e-14
0	4.110324531903273e-22
0	8.68025096245617e-12
0	1.186839506271782e-25
0	3.0258590423571053e-26
1	5.247929505238294e-14
0	1.1925016989128046e-20
0	6.9330291933642274e-18
0	4.32951657585448e-19
0	8.230508764103891e-25
0	4.470066081608409e-13
0	8.63231975914506e-16
0	6.089149974286556e-05
0	3.1161815718690905e-22
0	2.028350259556593e-21
0	2.782961246339255e-06
0	1.0375629507398944e-19
0	1.2790900607060605e-19
0	2.6941520705035877e-18
0	9.050546623257105e-08
0	3.18996516017265e-25
1	8.330842627888007e-15
0	6.157734105119048e-19
0	4.071126411089851e-29
0	1.7146764008657556e-08
0	2.6383426643405983e-07
0	2.1244470993348946e-26
0	7.813571340728047e-23
0	3.7074215225585405e-12
0	1.1555667656208171e-39
0	2.1376157778429902e-19
0	1.86851590341587e-16
0	2.0850824418685424e-18
1	5.0353655706852907e-14
0	1.1165787405786887e-08
0	1.3555754208027793e-07
0	3.222779986566856e-26
0	4.822034160754604e-16
0	7.6466328413324725e-19
0	2.2341259125898783e-19
0	4.6865181801124054e-21
1	3.4972779477261466e-20
0	5.372432177899693e-25
0	1.9468806566891317e-09
0	7.273522371495717e-24
0	1.3447336579339026e-30
0	4.3691941604435965e-23
0	3.337680124398571e-16
0	1.2528298318127388e-26
0	2.9726836350848934e-17
0	6.23971442466553e-19
0	7.282042191469884e-10
0	2.4185176232996878e-17
0	2.2415635488312607e-32
1	1.3149797731235113e-18
0	1.2598746550764537e-19
1	4.844780479573707e-11
0	2.421793118267191e-26
0	3.3315708330920504e-18
0	5.061386036686599e-05
0	2.8628950321518687e-09
0	1.4439979554858706e-24
0	2.0353482257141469e-22
0	1.777146711788416e-36
0	4.6067471714478776e-17
0	3.2896515675761857e-28
0	1.545358507270145e-17
0	0.0008076198282651603
0	3.1929455987882433e-19
0	4.326346664650812e-19
0	2.861738623849419e-12
0	1.731921939196468e-09
0	4.0001950130911766e-26
0	9.817047752179868e-19
1	7.372034360741964e-08
0	3.5729841669498993e-19
0	4.936260082134147e-21
0	6.576469681600795e-17
0	1.6652905105081256e-20
0	5.627835794067831e-17
0	3.4333213674422343e-41
0	4.6154014658886524e-17
0	2.665643671364666e-23
0	8.250135297149797e-11
0	5.263511284265697e-35
0	2.3982524410826045e-08
0	8.513392139803345e-21
0	6.111983835710433e-11
0	1.3929865087477546e-14
1	9.00151880544452e-34
0	7.48882238773424e-13
0	2.7445562971954666e-25
0	1.2326683745368549e-18
0	9.39619215767351e-12
0	4.596285321932552e-17
0	3.2035882835401708e-09
0	2.96317102799204e-11
0	0.02756419964134693
0	2.9666357536670487e-16
0	8.41561359266052e-06
0	8.473765578109749e-10
0	6.436250153446423e-15
0	1.1501128284225247e-19
0	8.886112869617337e-31
0	7.781878422448541e-19
0	5.824617728789503e-21
0	4.4601369467489195e-35
0	4.7264317609863956e-35
0	6.199964985853512e-10
0	5.018759475206025e-05
0	8.35749749721459e-27
0	2.220070040172026e-30
0	2.1966749960279072e-16
0	9.791498469503578e-20
0	1.131165517199325e-16
0	5.6448444853113946e-24
1	5.808004175378301e-07
0	3.274831206154588e-18
1	7.138953924540337e-12
0	8.707624843395934e-09
0	8.053464262047783e-05
0	2.6548220133718957e-26
0	9.73150189988517e-14
0	1.6663450133624913e-13
0	1.9879531464539468e-05
0	2.5145943338103667e-15
0	3.1860614146950184e-10
0	2.666232871945351e-16
0	2.2871438057972808e-17
0	2.170260951855884e-18
0	2.6877657191867955e-19
0	6.055267111383232e-33
0	1.7177929241448307e-19
0	2.520347483308715e-22
0	1.574289003326864e-23
0	2.9386993332084586e-18
1	0.9996625185012817
0	1.7318060234559202e-13
0	1.3519325160256693e-18
0	1.454125018655303e-16
0	1.1553311990988049e-21
0	1.7809145455156712e-27
0	1.3074158005110803e-06
0	8.241706222612919e-22
0	1.5284366654266801e-12
1	0.061443179845809937
1	2.430939890866764e-17
0	0.011018016375601292
0	2.0265878155522295e-20
0	4.4729225832265985e-17
0	4.952651786946372e-13
0	2.655033923854131e-19
0	2.0992847624091635e-14
0	2.489530417142875e-15
0	1.8923371983975423e-13
0	6.464956647345554e-33
0	3.7389609509881186e-26
0	1.0190193873042602e-15
0	1.714433345691244e-28
0	3.1172714974367124e-17
0	9.00151880544452e-34
0	9.667743870522827e-05
0	2.306012043723799e-19
0	1.3929345644522642e-16
0	2.166745759443087e-25
0	2.655033923854131e-19
1	2.418701225631939e-14
0	2.000615471897671e-11
0	2.3923644315582138e-11
1	7.42356213416041e-20
0	1.2371222162618409e-22
0	2.6627284201122037e-22
0	1.814127224364446e-14
0	1.0062787607013617e-24
0	2.6049386158973746e-22
0	3.891005902661158e-18
0	3.178781890489368e-11
0	5.292426153194037e-19
0	7.51255583963939e-06
0	0.0
0	2.184975222974117e-08
0	4.428276389784221e-15
0	2.7156834558894616e-09
0	1.6741287467425536e-08
0	2.208451260351998e-19
0	4.371556065933533e-18
1	7.257929071578183e-21
0	1.2854023225372657e-05
0	4.173132026608073e-07
0	3.89155132487756e-20
0	0.0014719145838171244
0	4.530069844769927e-17
0	4.203895392974451e-45
0	3.69346986940411e-26
0	3.408206105390671e-20
0	2.2827362677689045e-22
0	6.617597366354727e-15
0	8.638009736055465e-18
0	6.301294774857524e-08
0	7.320612010603885e-19
1	2.5755266627366122e-27
0	2.0123551785805342e-24
0	4.379784035446477e-11
0	4.119163964470877e-21
0	2.1843469741322785e-11
0	2.378782670443332e-22
0	9.42557021706455e-17
0	3.97829130749372e-10
0	1.2151196715493029e-09
0	2.1986903129319474e-13
0	6.234264406795864e-12
0	6.726456922478974e-05
0	4.016375464251226e-17
0	1.0637532521506898e-12
0	3.152304740260685e-27
0	6.373105415749268e-41
0	8.194272964703354e-15
0	4.010631063366965e-11
0	4.934200603656791e-09
1	1.9842982471251343e-21
0	1.3132149014050132e-11
0	1.762427012005739e-16
0	6.72738286518898e-13
1	6.783007506783179e-07
0	7.557690762955591e-19
0	2.0811266043807564e-09
0	2.1889942636299509e-10
0	1.542052576891729e-35
0	1.491248856171079e-12
0	4.4280249904054755e-14
0	2.3162682882826857e-09
0	4.606520054295515e-09
0	0.0006374329677782953
0	1.3469450098427655e-17
0	2.1725901078184506e-09
0	1.4140176115561178e-16
0	1.0611941702048277e-30
0	1.6351218312386845e-17
0	1.6864860077493706e-24
0	1.0192997975614487e-14
0	1.4078598553624033e-07
0	4.268317296829416e-11
0	0.0064506749622523785
0	6.121183115936901e-09
0	1.9768277726567307e-12
0	6.144621478298973e-10
0	1.457367027765684e-25
0	4.9318470192824486e-17
0	5.250808468582058e-12
0	4.473221703767153e-28
0	1.3210574127675567e-12
0	1.2113748782610173e-39
0	1.2195854016253806e-19
1	2.0668425018836129e-35
0	1.8059997286222385e-22
0	3.845007469425836e-14
0	9.447209394237836e-16
0	6.495046521963607e-16
0	1.8953340335889314e-18
0	1.4823996197232958e-10
0	2.7615351411852673e-12
0	1.370913249587602e-08
0	1.2868401656762618e-11
0	1.6269350311404196e-08
0	3.065851045258583e-11
0	5.122851542681252e-18
