label	pred(score)
0	2.1392918518018693e-23
0	2.5340634035586618e-09
0	5.026070833156965e-39
0	1.0
0	2.947941467190596e-32
0	0.0
0	4.217905444196802e-30
1	8.966119093032156e-26
0	1.232556816823543e-16
0	2.7556906155432786e-15
0	2.1965587393424357e-07
0	1.0833292754356845e-32
0	1.9871221418414067e-15
0	2.2315319374997328e-23
0	4.2669227122701585e-31
0	4.188955252866174e-26
0	9.855734242592007e-05
0	1.3918581032362838e-21
0	1.8102135281759053e-30
0	0.0
0	0.0
0	4.5216825511446286e-23
0	5.571906997660339e-26
0	3.546392685169406e-21
0	1.9269769807154003e-30
0	1.1416287168281597e-26
0	1.0775985190657843e-42
0	6.380054608308332e-29
0	4.2630406355937995e-28
0	7.221376681311106e-14
0	4.2266009684769647e-16
0	0.0
1	0.5408785939216614
0	3.727030323304013e-32
0	1.1947540264243521e-30
0	2.789348179516038e-12
0	1.2170101652830977e-35
0	1.3643191321083446e-19
0	1.4184347096205653e-34
0	2.4562023099861108e-05
0	0.0
0	9.905778844312132e-41
0	2.1402165657491423e-05
0	0.0
0	2.3544333110895456e-23
0	4.312469627616498e-28
0	4.8878665004359334e-11
0	0.0
1	7.954823737983816e-33
0	1.1865820910976472e-24
0	4.217905444196802e-30
0	1.452764514376782e-19
0	0.0005881122779101133
0	0.0
0	9.726736739106469e-32
0	1.8179147088856565e-31
0	0.0
0	7.363212281893369e-26
0	2.5985590515345336e-28
0	4.028016997397144e-19
1	5.545515458860943e-23
0	4.408252252119382e-08
0	7.754069094982347e-15
0	1.1368173201224926e-27
0	1.7526915474519456e-09
0	7.894324249320087e-28
0	9.037712072040851e-27
0	4.1997089535389734e-14
1	5.035706161397663e-41
0	1.0581936062636546e-32
0	5.884295221220137e-12
0	6.022813029532743e-39
0	3.031338971024797e-31
0	0.0
0	5.1059795174117106e-24
0	4.203895392974451e-45
0	1.5736025479267376e-18
0	8.894010058803684e-17
0	3.203650395385379e-16
0	8.474772983396062e-20
0	0.0
1	2.1940910818006507e-20
0	0.0
1	1.87738152595954e-17
0	4.975305921136241e-33
0	2.7465449900766415e-43
0	1.783006556255965e-14
0	3.13953986127113e-17
0	2.0128251141561672e-41
0	3.802270657615736e-05
0	0.0
0	4.503513500717126e-19
0	2.2331148379418858e-39
0	7.879185131964895e-37
0	5.113923634780804e-06
0	4.53905200547422e-30
0	1.0516994672343659e-30
0	4.7929936925096694e-20
0	1.7630519266731426e-09
0	0.0
0	4.426885747531421e-25
1	3.9164368597357615e-20
0	3.460283618732367e-33
0	6.734806845543062e-08
0	2.3802271568023256e-21
0	3.8275976394557516e-34
0	6.94396187143724e-14
0	0.0
0	1.049572549779288e-42
0	4.1649822434945326e-30
0	4.165835176817012e-10
0	0.0
0	1.404773433941016e-19
0	1.114702007430582e-34
0	5.51077340057448e-19
0	1.98599251209027e-23
1	1.401298464324817e-45
0	2.515630509290802e-30
0	0.0
0	3.6465072322959904e-30
0	7.67319785010219e-18
0	1.8894257478506987e-29
0	2.2980045218039796e-18
0	4.788975598060708e-19
0	0.0013949276180937886
0	5.5377711282021385e-18
0	0.9989702701568604
0	8.756163281692809e-15
0	1.1586593156959126e-28
0	1.3455426664436617e-25
0	7.006492321624085e-43
0	5.414156017252964e-25
0	1.9421892205602516e-20
0	0.0
0	0.0
0	2.5271114725329195e-25
0	0.0011668880470097065
0	1.4470508591850223e-40
0	0.0
0	1.6584932058237476e-29
0	1.5392076652672753e-28
0	4.6543421467538e-21
0	4.980754664959134e-26
1	3.339785793566549e-36
0	1.1070257868166055e-43
1	2.953909083634553e-16
0	5.858568296289446e-13
0	7.626280051908907e-09
0	5.843091414209141e-35
0	1.0407838988839594e-15
0	1.6530868216201586e-36
0	3.5990870385967794e-14
0	2.8433029470826383e-25
0	2.6747957147799095e-12
0	3.2641159276056935e-34
0	2.2488916358235754e-20
0	1.9721332585650314e-14
0	4.396135394778082e-27
0	3.923635700109488e-42
0	3.0880791655129996e-28
0	2.1017764017629465e-37
0	8.671804205571666e-36
0	5.966728861095071e-42
1	2.373051841836338e-13
0	1.9516724746981313e-21
0	6.416505708940536e-33
0	4.528354591785294e-34
0	2.2017201471471526e-41
0	9.73572286787553e-39
0	3.2072535599558805e-11
0	1.1822758512005782e-32
0	1.2777437528171953e-12
1	1.4371792245729742e-15
1	1.24577980478565e-36
0	6.379601708017546e-11
0	8.626921067238426e-31
0	2.36672392176507e-24
0	2.073612548699729e-18
0	3.6892662624851174e-30
0	2.6105931851925713e-34
0	1.1017545960602608e-24
0	1.9771922244690388e-32
0	0.0
0	1.68920016190679e-35
0	3.786584345169355e-27
0	3.644076656476687e-41
0	6.0341651510760485e-34
0	1.401298464324817e-45
0	6.182197975861541e-31
0	5.7165499694437215e-24
0	2.4067152733179922e-20
0	3.783505853677006e-44
0	3.6892662624851174e-30
1	1.1502303629236803e-28
0	8.006517571429164e-33
0	2.898111868789843e-24
1	2.0265693082443043e-23
0	6.530315143441731e-34
0	1.4472548863703602e-27
0	1.7250302456500296e-33
0	1.2077585887817621e-23
0	1.6787587832475988e-38
0	4.1143405281084445e-22
0	3.707321338808356e-09
0	6.208106803943128e-36
0	5.87594278789183e-11
0	0.0
0	6.312482634062813e-23
0	3.690494361930502e-13
0	4.166570377606149e-08
0	2.323277437233761e-16
0	4.932570594423356e-43
0	2.171901211977739e-25
1	1.4776707857355034e-33
0	0.0024957756977528334
0	2.096287206321268e-11
0	0.0
0	3.9435611080915894e-14
0	2.6392509109461532e-34
0	0.0
0	1.4759262956005924e-38
0	4.0315976860203994e-27
0	1.3885786033494447e-24
0	1.627544564860383e-29
0	2.98407910227075e-32
0	4.041190559272989e-12
0	1.4190823590697394e-29
1	0.0
0	9.304621803116785e-43
0	8.332620359346851e-23
0	7.838412246085372e-30
0	2.3042985390848956e-18
0	0.0
0	1.0041171279931796e-22
0	0.9687079787254333
0	6.229054959913567e-28
0	6.620273593322598e-30
0	1.1406777228202028e-22
0	3.167031650264107e-07
0	4.156058431110491e-32
0	1.2513479442763295e-28
0	4.6535006039546044e-39
0	0.0
0	1.2877691563480451e-21
0	1.2549947619479567e-14
0	1.644445364945568e-05
1	0.0
0	1.90372999482602e-13
0	2.6329269809274697e-33
0	2.4257789042298926e-18
1	2.2990461303032082e-27
0	1.3135144919699835e-35
0	1.43189487676904e-20
0	6.143706155905914e-18
0	0.0
0	1.2875608229161417e-24
0	7.936226071388226e-15
0	7.230933095246978e-20
0	2.121910936889182e-12
0	2.4473587604040425e-20
0	4.318814268706471e-25
0	8.014629392492557e-22
0	2.8373213181048783e-18
0	1.9548113577331198e-42
0	0.0
0	0.0
0	2.5286236656558942e-19
0	9.496590319679754e-11
0	2.0898145105423867e-16
0	0.0020633756648749113
0	7.487290816640332e-14
0	1.3053607809477077e-15
0	2.2468297929103033e-31
0	2.6484540975739043e-43
0	2.6156115852058307e-38
0	5.630514515084007e-19
0	0.0
0	7.944656839500408e-20
0	0.0
0	8.696535253287343e-32
1	0.0
0	1.0680644175581476e-25
0	3.7694983150022014e-16
0	1.7298756828029727e-12
0	1.4653432173073287e-19
0	0.0
0	1.1038751744299756e-16
0	2.152701067240997e-23
0	1.2101172928297155e-12
0	2.05687557640217e-29
0	5.155337985904476e-17
0	5.563913664167517e-21
0	6.595337339206541e-40
