label	pred(score)
0	7.072890992505798e-13
0	1.7636277637941844e-12
0	2.3101779320837694e-18
0	1.0
0	7.18101403774911e-20
0	1.6150970232403845e-26
0	4.4324699891088917e-29
1	0.05042317509651184
0	4.733564651360211e-10
0	3.029085959838085e-08
0	3.480793127688675e-13
0	2.8339009499838485e-27
0	8.22898255137261e-06
0	5.142021701531352e-17
0	2.2539916474079424e-29
0	3.1528742832666323e-13
0	8.04969749879092e-06
0	5.68187601857062e-07
0	5.044056498572081e-21
0	1.5408863313855603e-30
0	2.802596928649634e-45
0	8.133251458953873e-26
0	1.1366173166505941e-13
0	7.391386391830679e-10
0	4.905857930316397e-25
0	2.223450090710344e-09
0	1.5385666678569425e-22
0	3.926014651182627e-14
0	4.539087978157425e-22
0	9.020594167463702e-12
0	1.3277629742351445e-25
0	3.4321106988918645e-26
1	5.464242746429024e-14
0	1.2987217869842001e-20
0	7.453023050555887e-18
0	4.592635490877238e-19
0	9.334432333223057e-25
0	4.746847988464087e-13
0	9.99996191979231e-16
0	6.184933590702713e-05
0	3.578189005064449e-22
0	2.1841857555240416e-21
0	2.8375388865242712e-06
0	1.1367959960422452e-19
0	1.3755651695238858e-19
0	2.9632055928311077e-18
0	9.248083188140299e-08
0	3.730841723380648e-25
1	9.215072179988033e-15
0	6.829915029552475e-19
0	4.4324699891088917e-29
0	1.724085052501323e-08
0	2.7008604774891865e-07
0	2.467581255285822e-26
0	8.839155519653953e-23
0	4.077098467863971e-12
0	1.5065345776971465e-39
0	2.4425193337679525e-19
0	1.9873865220000684e-16
0	2.2622132438794226e-18
1	5.6451208724911384e-14
0	1.160531226673811e-08
0	1.3947992272278498e-07
0	3.7663458259045585e-26
0	5.066033118518638e-16
0	9.028169737891108e-19
0	2.4736311475697204e-19
0	4.9900098582851876e-21
1	3.897776505221875e-20
0	5.8105359423754975e-25
0	2.0035195724688037e-09
0	7.891660366191513e-24
0	1.5907092362671966e-30
0	5.003805621878761e-23
0	3.6516977372584017e-16
0	1.463098163871873e-26
0	3.140043117955807e-17
0	6.666459487621051e-19
0	7.605416851852453e-10
0	2.6052136110418862e-17
0	2.5500433885297687e-32
1	1.4590576786276914e-18
0	1.4326331354657435e-19
1	5.154056001432927e-11
0	2.8634162500861706e-26
0	3.705579306286983e-18
0	5.118770422996022e-05
0	2.9593896222479543e-09
0	1.6272942241565646e-24
0	2.379054795901197e-22
0	2.290133694876038e-36
0	4.893915163368727e-17
0	3.6577959653407224e-28
0	1.6939649784738692e-17
0	0.0008285148069262505
0	3.483405934983176e-19
0	4.847571004702433e-19
0	3.0224657412286637e-12
0	1.8179245886429385e-09
0	4.711709955448015e-26
0	1.0716964423946215e-18
1	7.769033061322261e-08
0	4.0034455973012564e-19
0	5.7524999386164534e-21
0	7.195970388632379e-17
0	1.861596625738298e-20
0	5.943181528119177e-17
0	4.161716309198274e-41
0	5.05034328900863e-17
0	3.094017862093746e-23
0	8.565131243143398e-11
0	6.176056502769914e-35
0	2.6015907650389636e-08
0	9.082081234314252e-21
0	6.392330414994873e-11
0	1.4629509219711914e-14
1	1.1568147353972636e-33
0	7.826319345198562e-13
0	3.0533058551805567e-25
0	1.355480086877756e-18
0	9.931780224625708e-12
0	4.8283452179561384e-17
0	3.4091613976272583e-09
0	3.184346536455607e-11
0	0.027286449447274208
0	3.1575937729718144e-16
0	9.007112566905562e-06
0	8.914591842490438e-10
0	6.725502587571347e-15
0	1.2587216428507372e-19
0	1.0128535166798042e-30
0	8.499771932471063e-19
0	6.388653124561233e-21
0	5.291898784071834e-35
0	5.274405269997439e-35
0	7.067858520670711e-10
0	5.099909321870655e-05
0	9.167577528190883e-27
0	2.76228947301989e-30
0	2.4874596862846344e-16
0	1.0727716350192726e-19
0	1.1981217511441034e-16
0	6.200760287246978e-24
1	6.17535192759533e-07
0	3.480950139142083e-18
1	7.732429280205011e-12
0	9.33045019024803e-09
0	8.196385897463188e-05
0	3.0323067476621227e-26
0	1.034114539334198e-13
0	1.7678232196258886e-13
0	2.0575154849211685e-05
0	2.732963027502551e-15
0	3.309960638908649e-10
0	3.0098722857618485e-16
0	2.4296511434724065e-17
0	2.386130896699307e-18
0	3.038072055712057e-19
0	7.30348893034891e-33
0	1.901075339124297e-19
0	2.9181721835133335e-22
0	1.77308210921474e-23
0	3.179031283511759e-18
1	0.999677300453186
0	1.849210075430957e-13
0	1.461542218995071e-18
0	1.5351123533713487e-16
0	1.3333438596531976e-21
0	2.067363498748229e-27
0	1.4950674085412174e-06
0	9.450568790677102e-22
0	1.593371701941182e-12
1	0.06463798880577087
1	2.7323347275790355e-17
0	0.011172155849635601
0	2.22230133342169e-20
0	4.8978369920889633e-17
0	5.304205425576969e-13
0	2.8980528669797333e-19
0	2.2468577223918283e-14
0	2.6374647213808387e-15
0	2.0227371752383483e-13
0	7.92961673099837e-33
0	4.146980765286221e-26
0	1.10092355577637e-15
0	2.300720726389853e-28
0	3.326708665451464e-17
0	1.1568147353972636e-33
0	0.0001059106070897542
0	2.59155220623769e-19
0	1.4823357156614034e-16
0	2.3905776457285627e-25
0	2.8980528669797333e-19
1	2.6430104578447494e-14
0	2.171722177091162e-11
0	2.5165571015950405e-11
1	8.154805305293772e-20
0	1.366275280971094e-22
0	2.9144119044591984e-22
0	1.9533030385212105e-14
0	1.1232061892635489e-24
0	2.8825464677270836e-22
0	4.1365540539072176e-18
0	3.30748518850843e-11
0	5.72813371808657e-19
0	7.761516826576553e-06
0	0.0
0	2.262587273094141e-08
0	4.752115720244379e-15
0	2.8183164690886997e-09
0	1.7315462841338558e-08
0	2.4233912990905466e-19
0	5.114650460498095e-18
1	7.782019075464418e-21
0	1.322469051956432e-05
0	4.3273448113723134e-07
0	4.279286097780683e-20
0	0.0015070827212184668
0	5.075799276051582e-17
0	5.605193857299268e-45
0	4.093854372956288e-26
0	3.679474494281181e-20
0	2.4783217705528433e-22
0	7.115018311662762e-15
0	9.782734232419637e-18
0	6.567474031271558e-08
0	8.233611577733524e-19
1	3.1960765056647402e-27
0	2.225045094833055e-24
0	4.552952112546471e-11
0	4.583459472944611e-21
0	2.32757684653917e-11
0	2.6093544699181845e-22
0	1.0157859316723455e-16
0	4.1397993366665276e-10
0	1.2960911233150796e-09
0	2.350801573802047e-13
0	6.595807233722439e-12
0	6.860266876174137e-05
0	4.6297553656221625e-17
0	1.1358702606961701e-12
0	3.6402726028522234e-27
0	7.623484035466302e-41
0	8.886524193374087e-15
0	4.2608666595000955e-11
0	5.219492837937878e-09
1	2.113628622522332e-21
0	1.4138270415520182e-11
0	1.8469794289874394e-16
0	7.136608469980599e-13
1	7.510812451982929e-07
0	8.215853560945659e-19
0	2.1624366741690437e-09
0	2.2857739312431846e-10
0	1.9170227909162797e-35
0	1.6912121659704016e-12
0	4.651909350891943e-14
0	2.4009745303033014e-09
0	4.855664759162437e-09
0	0.0006466764607466757
0	1.467705438341627e-17
0	2.269120669140534e-09
0	1.516834308811887e-16
0	1.248962183511392e-30
0	1.8136399805729387e-17
0	1.94288177637953e-24
0	1.079996908012271e-14
0	1.5372113182365865e-07
0	4.468775002819392e-11
0	0.006566413678228855
0	6.793648754666037e-09
0	2.2059585061406928e-12
0	6.394687002142518e-10
0	1.6169657915840223e-25
0	5.499732317835214e-17
0	5.481743965002339e-12
0	5.066852534973089e-28
0	1.4938651444335038e-12
0	1.4681039673130384e-39
0	1.3395598069170425e-19
1	2.6249216462890666e-35
0	1.9779264724432576e-22
0	4.030978635193201e-14
0	9.874715393046554e-16
0	6.855479687448401e-16
0	2.0003146270553332e-18
0	1.5727927293873734e-10
0	2.9724302446493267e-12
0	1.4255595814915978e-08
0	1.3767677102538567e-11
0	1.667875437760813e-08
0	3.1837758124320104e-11
0	5.85995053216603e-18
